 -0.828162	 -1.180318	 -0.519001	 4.492848	 -2.069042	 -1.070418
 -0.823669	 -1.182387	 -0.520072	 4.501933	 -2.056094	 -1.064724
 -0.819167	 -1.184443	 -0.521137	 4.510977	 -2.043111	 -1.059014
 -0.814656	 -1.186486	 -0.522196	 4.519979	 -2.030094	 -1.053286
 -0.810136	 -1.188516	 -0.523249	 4.528941	 -2.017043	 -1.047542
 -0.805607	 -1.190533	 -0.524296	 4.537860	 -2.003957	 -1.041781
 -0.801069	 -1.192537	 -0.525338	 4.546738	 -1.990838	 -1.036003
 -0.796523	 -1.194528	 -0.526374	 4.555574	 -1.977684	 -1.030209
 -0.791967	 -1.196505	 -0.527404	 4.564368	 -1.964496	 -1.024398
 -0.787403	 -1.198470	 -0.528429	 4.573119	 -1.951274	 -1.018570
 -0.782830	 -1.200421	 -0.529447	 4.581828	 -1.938019	 -1.012725
 -0.778248	 -1.202359	 -0.530460	 4.590495	 -1.924729	 -1.006864
 -0.773657	 -1.204284	 -0.531467	 4.599118	 -1.911406	 -1.000986
 -0.769058	 -1.206195	 -0.532468	 4.607699	 -1.898050	 -0.995092
 -0.764450	 -1.208093	 -0.533463	 4.616236	 -1.884660	 -0.989181
 -0.759834	 -1.209978	 -0.534452	 4.624730	 -1.871237	 -0.983253
 -0.755209	 -1.211849	 -0.535435	 4.633180	 -1.857780	 -0.977309
 -0.750576	 -1.213707	 -0.536413	 4.641587	 -1.844291	 -0.971349
 -0.745935	 -1.215551	 -0.537384	 4.649949	 -1.830768	 -0.965373
 -0.741285	 -1.217382	 -0.538349	 4.658268	 -1.817212	 -0.959380
 -0.736626	 -1.219199	 -0.539309	 4.666542	 -1.803623	 -0.953371
 -0.731960	 -1.221003	 -0.540262	 4.674772	 -1.790002	 -0.947345
 -0.727285	 -1.222793	 -0.541210	 4.682958	 -1.776348	 -0.941304
 -0.722602	 -1.224569	 -0.542151	 4.691098	 -1.762661	 -0.935246
 -0.717911	 -1.226332	 -0.543086	 4.699194	 -1.748941	 -0.929172
 -0.713212	 -1.228081	 -0.544015	 4.707244	 -1.735190	 -0.923082
 -0.708505	 -1.229816	 -0.544938	 4.715250	 -1.721406	 -0.916976
 -0.703789	 -1.231538	 -0.545855	 4.723209	 -1.707589	 -0.910854
 -0.699066	 -1.233245	 -0.546766	 4.731123	 -1.693741	 -0.904716
 -0.694335	 -1.234939	 -0.547671	 4.738991	 -1.679860	 -0.898562
 -0.689596	 -1.236619	 -0.548569	 4.746813	 -1.665948	 -0.892392
 -0.684849	 -1.238285	 -0.549462	 4.754589	 -1.652004	 -0.886206
 -0.680095	 -1.239937	 -0.550348	 4.762319	 -1.638028	 -0.880005
 -0.675332	 -1.241575	 -0.551228	 4.770002	 -1.624021	 -0.873787
 -0.670562	 -1.243199	 -0.552102	 4.777638	 -1.609982	 -0.867554
 -0.665785	 -1.244809	 -0.552969	 4.785227	 -1.595911	 -0.861306
 -0.660999	 -1.246405	 -0.553831	 4.792770	 -1.581810	 -0.855042
 -0.656207	 -1.247986	 -0.554686	 4.800265	 -1.567677	 -0.848762
 -0.651406	 -1.249554	 -0.555535	 4.807712	 -1.553513	 -0.842466
 -0.646599	 -1.251108	 -0.556377	 4.815112	 -1.539318	 -0.836156
 -0.641784	 -1.252647	 -0.557213	 4.822464	 -1.525093	 -0.829829
 -0.636961	 -1.254172	 -0.558043	 4.829768	 -1.510836	 -0.823488
 -0.632131	 -1.255683	 -0.558866	 4.837024	 -1.496549	 -0.817131
 -0.627294	 -1.257179	 -0.559684	 4.844232	 -1.482232	 -0.810758
 -0.622450	 -1.258662	 -0.560494	 4.851391	 -1.467884	 -0.804371
 -0.617599	 -1.260130	 -0.561299	 4.858502	 -1.453506	 -0.797968
 -0.612740	 -1.261583	 -0.562097	 4.865563	 -1.439097	 -0.791550
 -0.607875	 -1.263022	 -0.562888	 4.872576	 -1.424659	 -0.785117
 -0.603002	 -1.264447	 -0.563673	 4.879539	 -1.410191	 -0.778669
 -0.598123	 -1.265857	 -0.564452	 4.886453	 -1.395693	 -0.772206
 -0.593236	 -1.267253	 -0.565224	 4.893318	 -1.381165	 -0.765728
 -0.588343	 -1.268634	 -0.565990	 4.900132	 -1.366607	 -0.759235
 -0.583443	 -1.270000	 -0.566749	 4.906897	 -1.352021	 -0.752728
 -0.578536	 -1.271352	 -0.567502	 4.913612	 -1.337405	 -0.746205
 -0.573622	 -1.272690	 -0.568248	 4.920276	 -1.322759	 -0.739668
 -0.568702	 -1.274013	 -0.568988	 4.926890	 -1.308085	 -0.733116
 -0.563775	 -1.275321	 -0.569721	 4.933454	 -1.293382	 -0.726549
 -0.558842	 -1.276614	 -0.570447	 4.939966	 -1.278649	 -0.719968
 -0.553902	 -1.277893	 -0.571167	 4.946428	 -1.263889	 -0.713372
 -0.548955	 -1.279157	 -0.571881	 4.952838	 -1.249099	 -0.706762
 -0.544002	 -1.280406	 -0.572588	 4.959197	 -1.234281	 -0.700137
 -0.539043	 -1.281640	 -0.573288	 4.965505	 -1.219435	 -0.693498
 -0.534078	 -1.282859	 -0.573981	 4.971761	 -1.204561	 -0.686845
 -0.529106	 -1.284064	 -0.574668	 4.977965	 -1.189659	 -0.680177
 -0.524128	 -1.285254	 -0.575348	 4.984117	 -1.174728	 -0.673495
 -0.519144	 -1.286428	 -0.576022	 4.990217	 -1.159770	 -0.666799
 -0.514154	 -1.287588	 -0.576689	 4.996264	 -1.144785	 -0.660089
 -0.509157	 -1.288733	 -0.577349	 5.002259	 -1.129772	 -0.653365
 -0.504155	 -1.289863	 -0.578002	 5.008202	 -1.114731	 -0.646627
 -0.499147	 -1.290977	 -0.578649	 5.014091	 -1.099663	 -0.639875
 -0.494133	 -1.292077	 -0.579288	 5.019927	 -1.084568	 -0.633109
 -0.489113	 -1.293162	 -0.579922	 5.025711	 -1.069447	 -0.626329
 -0.484087	 -1.294231	 -0.580548	 5.031440	 -1.054298	 -0.619536
 -0.479056	 -1.295285	 -0.581167	 5.037116	 -1.039123	 -0.612728
 -0.474019	 -1.296325	 -0.581780	 5.042739	 -1.023921	 -0.605908
 -0.468976	 -1.297348	 -0.582386	 5.048307	 -1.008692	 -0.599073
 -0.463927	 -1.298357	 -0.582985	 5.053821	 -0.993438	 -0.592225
 -0.458874	 -1.299351	 -0.583577	 5.059281	 -0.978157	 -0.585364
 -0.453814	 -1.300329	 -0.584163	 5.064687	 -0.962851	 -0.578490
 -0.448750	 -1.301292	 -0.584741	 5.070038	 -0.947518	 -0.571602
 -0.443680	 -1.302239	 -0.585313	 5.075334	 -0.932160	 -0.564700
 -0.438604	 -1.303171	 -0.585878	 5.080575	 -0.916777	 -0.557786
 -0.433524	 -1.304088	 -0.586435	 5.085762	 -0.901368	 -0.550859
 -0.428438	 -1.304989	 -0.586986	 5.090892	 -0.885934	 -0.543918
 -0.423347	 -1.305875	 -0.587530	 5.095968	 -0.870475	 -0.536965
 -0.418251	 -1.306746	 -0.588067	 5.100987	 -0.854991	 -0.529998
 -0.413150	 -1.307601	 -0.588597	 5.105951	 -0.839482	 -0.523019
 -0.408044	 -1.308440	 -0.589120	 5.110859	 -0.823949	 -0.516027
 -0.402933	 -1.309264	 -0.589636	 5.115711	 -0.808391	 -0.509022
 -0.397818	 -1.310073	 -0.590145	 5.120507	 -0.792809	 -0.502004
 -0.392697	 -1.310865	 -0.590647	 5.125246	 -0.777202	 -0.494974
 -0.387572	 -1.311643	 -0.591142	 5.129928	 -0.761572	 -0.487931
 -0.382442	 -1.312404	 -0.591630	 5.134553	 -0.745918	 -0.480876
 -0.377307	 -1.313150	 -0.592111	 5.139122	 -0.730241	 -0.473809
 -0.372168	 -1.313880	 -0.592585	 5.143633	 -0.714539	 -0.466729
 -0.367025	 -1.314595	 -0.593051	 5.148088	 -0.698815	 -0.459637
 -0.361877	 -1.315294	 -0.593511	 5.152484	 -0.683067	 -0.452533
 -0.356724	 -1.315977	 -0.593964	 5.156823	 -0.667297	 -0.445417
 -0.351567	 -1.316644	 -0.594409	 5.161104	 -0.651503	 -0.438288
 -0.346406	 -1.317296	 -0.594847	 5.165327	 -0.635687	 -0.431148
 -0.341241	 -1.317931	 -0.595278	 5.169493	 -0.619848	 -0.423996
 -0.336071	 -1.318551	 -0.595702	 5.173599	 -0.603987	 -0.416832
 -0.330898	 -1.319155	 -0.596119	 5.177648	 -0.588104	 -0.409656
 -0.325720	 -1.319743	 -0.596529	 5.181637	 -0.572199	 -0.402469
 -0.320538	 -1.320315	 -0.596931	 5.185568	 -0.556272	 -0.395269
 -0.315353	 -1.320872	 -0.597327	 5.189440	 -0.540324	 -0.388059
 -0.310163	 -1.321412	 -0.597715	 5.193253	 -0.524354	 -0.380837
 -0.304970	 -1.321936	 -0.598096	 5.197006	 -0.508362	 -0.373604
 -0.299773	 -1.322445	 -0.598469	 5.200700	 -0.492350	 -0.366359
 -0.294572	 -1.322937	 -0.598836	 5.204335	 -0.476317	 -0.359103
 -0.289368	 -1.323413	 -0.599195	 5.207909	 -0.460263	 -0.351836
 -0.284160	 -1.323874	 -0.599547	 5.211424	 -0.444188	 -0.344558
 -0.278949	 -1.324318	 -0.599891	 5.214879	 -0.428093	 -0.337269
 -0.273734	 -1.324746	 -0.600228	 5.218273	 -0.411977	 -0.329969
 -0.268516	 -1.325158	 -0.600558	 5.221607	 -0.395842	 -0.322658
 -0.263294	 -1.325554	 -0.600881	 5.224881	 -0.379687	 -0.315337
 -0.258069	 -1.325933	 -0.601196	 5.228094	 -0.363512	 -0.308005
 -0.252841	 -1.326297	 -0.601504	 5.231246	 -0.347317	 -0.300662
 -0.247610	 -1.326644	 -0.601805	 5.234337	 -0.331104	 -0.293308
 -0.242375	 -1.326975	 -0.602098	 5.237366	 -0.314871	 -0.285945
 -0.237138	 -1.327290	 -0.602384	 5.240335	 -0.298619	 -0.278571
 -0.231898	 -1.327589	 -0.602663	 5.243242	 -0.282348	 -0.271186
 -0.226654	 -1.327871	 -0.602934	 5.246087	 -0.266059	 -0.263792
 -0.221408	 -1.328137	 -0.603198	 5.248871	 -0.249752	 -0.256387
 -0.216160	 -1.328387	 -0.603454	 5.251592	 -0.233426	 -0.248973
 -0.210908	 -1.328620	 -0.603703	 5.254252	 -0.217083	 -0.241548
 -0.205654	 -1.328838	 -0.603945	 5.256849	 -0.200721	 -0.234114
 -0.200397	 -1.329038	 -0.604179	 5.259384	 -0.184342	 -0.226670
 -0.195137	 -1.329223	 -0.604405	 5.261856	 -0.167946	 -0.219216
 -0.189876	 -1.329391	 -0.604625	 5.264266	 -0.151532	 -0.211753
 -0.184611	 -1.329542	 -0.604836	 5.266612	 -0.135102	 -0.204280
 -0.179345	 -1.329677	 -0.605041	 5.268896	 -0.118655	 -0.196798
 -0.174076	 -1.329796	 -0.605238	 5.271117	 -0.102191	 -0.189306
 -0.168805	 -1.329898	 -0.605427	 5.273274	 -0.085710	 -0.181805
 -0.163531	 -1.329984	 -0.605609	 5.275368	 -0.069214	 -0.174295
 -0.158256	 -1.330053	 -0.605783	 5.277398	 -0.052701	 -0.166776
 -0.152979	 -1.330106	 -0.605950	 5.279365	 -0.036173	 -0.159248
 -0.147699	 -1.330142	 -0.606109	 5.281268	 -0.019629	 -0.151712
 -0.142418	 -1.330161	 -0.606261	 5.283107	 -0.003070	 -0.144166
 -0.137135	 -1.330165	 -0.606405	 5.284881	 0.013505	 -0.136612
 -0.131850	 -1.330151	 -0.606541	 5.286591	 0.030094	 -0.129049
 -0.126563	 -1.330121	 -0.606670	 5.288237	 0.046698	 -0.121477
 -0.121275	 -1.330074	 -0.606792	 5.289819	 0.063317	 -0.113898
 -0.115985	 -1.330011	 -0.606906	 5.291335	 0.079950	 -0.106309
 -0.110694	 -1.329931	 -0.607012	 5.292787	 0.096597	 -0.098713
 -0.105401	 -1.329834	 -0.607111	 5.294174	 0.113258	 -0.091109
 -0.100107	 -1.329721	 -0.607202	 5.295495	 0.129933	 -0.083496
 -0.094812	 -1.329591	 -0.607285	 5.296752	 0.146621	 -0.075876
 -0.089515	 -1.329445	 -0.607361	 5.297943	 0.163323	 -0.068247
 -0.084217	 -1.329281	 -0.607430	 5.299068	 0.180037	 -0.060611
 -0.078918	 -1.329101	 -0.607490	 5.300128	 0.196765	 -0.052967
 -0.073618	 -1.328904	 -0.607543	 5.301122	 0.213505	 -0.045316
 -0.068317	 -1.328691	 -0.607588	 5.302050	 0.230257	 -0.037657
 -0.063015	 -1.328461	 -0.607626	 5.302912	 0.247022	 -0.029991
 -0.057712	 -1.328214	 -0.607656	 5.303708	 0.263798	 -0.022318
 -0.052408	 -1.327950	 -0.607678	 5.304437	 0.280586	 -0.014637
 -0.047103	 -1.327669	 -0.607693	 5.305100	 0.297386	 -0.006950
 -0.041798	 -1.327372	 -0.607700	 5.305697	 0.314197	 0.000745
 -0.036493	 -1.327058	 -0.607699	 5.306226	 0.331019	 0.008447
 -0.031186	 -1.326727	 -0.607691	 5.306689	 0.347852	 0.016155
 -0.025880	 -1.326379	 -0.607675	 5.307085	 0.364695	 0.023870
 -0.020573	 -1.326014	 -0.607651	 5.307414	 0.381549	 0.031591
 -0.015265	 -1.325633	 -0.607619	 5.307676	 0.398413	 0.039319
 -0.009958	 -1.325234	 -0.607580	 5.307870	 0.415286	 0.047053
 -0.004650	 -1.324819	 -0.607533	 5.307997	 0.432170	 0.054794
 0.000658	 -1.324387	 -0.607478	 5.308056	 0.449063	 0.062541
 0.005966	 -1.323938	 -0.607416	 5.308048	 0.465965	 0.070293
 0.011274	 -1.323472	 -0.607345	 5.307971	 0.482876	 0.078052
 0.016582	 -1.322989	 -0.607267	 5.307827	 0.499796	 0.085817
 0.021890	 -1.322489	 -0.607181	 5.307615	 0.516724	 0.093587
 0.027198	 -1.321972	 -0.607088	 5.307335	 0.533660	 0.101363
 0.032505	 -1.321439	 -0.606986	 5.306986	 0.550605	 0.109144
 0.037812	 -1.320888	 -0.606877	 5.306569	 0.567557	 0.116931
 0.043119	 -1.320320	 -0.606760	 5.306084	 0.584517	 0.124723
 0.048425	 -1.319736	 -0.606636	 5.305530	 0.601484	 0.132521
 0.053730	 -1.319134	 -0.606503	 5.304907	 0.618459	 0.140323
 0.059035	 -1.318516	 -0.606363	 5.304215	 0.635439	 0.148130
 0.064339	 -1.317881	 -0.606215	 5.303454	 0.652427	 0.155943
 0.069643	 -1.317228	 -0.606059	 5.302625	 0.669421	 0.163760
 0.074945	 -1.316559	 -0.605895	 5.301726	 0.686421	 0.171581
 0.080247	 -1.315872	 -0.605723	 5.300758	 0.703427	 0.179408
 0.085548	 -1.315169	 -0.605544	 5.299721	 0.720438	 0.187238
 0.090848	 -1.314448	 -0.605357	 5.298614	 0.737455	 0.195073
 0.096146	 -1.313711	 -0.605162	 5.297437	 0.754476	 0.202913
 0.101444	 -1.312956	 -0.604959	 5.296191	 0.771503	 0.210756
 0.106740	 -1.312185	 -0.604748	 5.294875	 0.788534	 0.218603
 0.112035	 -1.311396	 -0.604529	 5.293489	 0.805570	 0.226454
 0.117328	 -1.310591	 -0.604303	 5.292034	 0.822609	 0.234309
 0.122620	 -1.309768	 -0.604069	 5.290508	 0.839652	 0.242168
 0.127911	 -1.308929	 -0.603826	 5.288912	 0.856699	 0.250030
 0.133200	 -1.308072	 -0.603576	 5.287246	 0.873749	 0.257895
 0.138487	 -1.307198	 -0.603319	 5.285509	 0.890803	 0.265764
 0.143773	 -1.306307	 -0.603053	 5.283702	 0.907859	 0.273636
 0.149056	 -1.305400	 -0.602779	 5.281825	 0.924917	 0.281511
 0.154338	 -1.304475	 -0.602498	 5.279877	 0.941978	 0.289389
 0.159618	 -1.303533	 -0.602208	 5.277858	 0.959041	 0.297270
 0.164896	 -1.302574	 -0.601911	 5.275768	 0.976105	 0.305153
 0.170172	 -1.301597	 -0.601606	 5.273608	 0.993171	 0.313039
 0.175445	 -1.300604	 -0.601293	 5.271377	 1.010239	 0.320928
 0.180717	 -1.299594	 -0.600972	 5.269074	 1.027307	 0.328819
 0.185986	 -1.298567	 -0.600643	 5.266701	 1.044376	 0.336712
 0.191252	 -1.297522	 -0.600306	 5.264256	 1.061445	 0.344607
 0.196517	 -1.296461	 -0.599962	 5.261740	 1.078515	 0.352505
 0.201778	 -1.295382	 -0.599609	 5.259153	 1.095584	 0.360404
 0.207037	 -1.294287	 -0.599249	 5.256494	 1.112653	 0.368305
 0.212294	 -1.293174	 -0.598880	 5.253764	 1.129721	 0.376207
 0.217548	 -1.292044	 -0.598504	 5.250962	 1.146789	 0.384111
 0.222799	 -1.290898	 -0.598120	 5.248088	 1.163855	 0.392017
 0.228047	 -1.289734	 -0.597728	 5.245143	 1.180920	 0.399924
 0.233292	 -1.288553	 -0.597328	 5.242126	 1.197983	 0.407831
 0.238534	 -1.287355	 -0.596920	 5.239037	 1.215044	 0.415740
 0.243773	 -1.286140	 -0.596505	 5.235876	 1.232102	 0.423650
 0.249009	 -1.284908	 -0.596081	 5.232643	 1.249159	 0.431561
 0.254242	 -1.283659	 -0.595649	 5.229339	 1.266212	 0.439472
 0.259471	 -1.282392	 -0.595210	 5.225962	 1.283262	 0.447384
 0.264697	 -1.281109	 -0.594763	 5.222512	 1.300309	 0.455296
 0.269919	 -1.279809	 -0.594307	 5.218991	 1.317352	 0.463208
 0.275138	 -1.278491	 -0.593844	 5.215397	 1.334391	 0.471121
 0.280354	 -1.277157	 -0.593373	 5.211731	 1.351426	 0.479033
 0.285566	 -1.275806	 -0.592894	 5.207993	 1.368457	 0.486946
 0.290774	 -1.274437	 -0.592407	 5.204182	 1.385483	 0.494858
 0.295978	 -1.273052	 -0.591912	 5.200299	 1.402503	 0.502770
 0.301178	 -1.271649	 -0.591409	 5.196343	 1.419519	 0.510681
 0.306374	 -1.270230	 -0.590899	 5.192314	 1.436528	 0.518592
 0.311567	 -1.268793	 -0.590380	 5.188213	 1.453532	 0.526502
 0.316755	 -1.267340	 -0.589854	 5.184039	 1.470530	 0.534411
 0.321939	 -1.265869	 -0.589319	 5.179792	 1.487521	 0.542319
 0.327119	 -1.264382	 -0.588777	 5.175473	 1.504505	 0.550226
 0.332294	 -1.262877	 -0.588227	 5.171080	 1.521482	 0.558132
 0.337465	 -1.261356	 -0.587668	 5.166615	 1.538452	 0.566036
 0.342632	 -1.259817	 -0.587102	 5.162077	 1.555415	 0.573939
 0.347794	 -1.258262	 -0.586529	 5.157466	 1.572369	 0.581840
 0.352951	 -1.256689	 -0.585947	 5.152782	 1.589315	 0.589739
 0.358104	 -1.255100	 -0.585357	 5.148025	 1.606253	 0.597637
 0.363252	 -1.253494	 -0.584759	 5.143195	 1.623182	 0.605532
 0.368395	 -1.251871	 -0.584154	 5.138291	 1.640102	 0.613425
 0.373534	 -1.250231	 -0.583540	 5.133315	 1.657012	 0.621316
 0.378667	 -1.248573	 -0.582919	 5.128265	 1.673913	 0.629205
 0.383795	 -1.246900	 -0.582290	 5.123143	 1.690804	 0.637090
 0.388918	 -1.245209	 -0.581653	 5.117947	 1.707685	 0.644973
 0.394036	 -1.243501	 -0.581008	 5.112678	 1.724555	 0.652854
 0.399149	 -1.241777	 -0.580355	 5.107336	 1.741414	 0.660731
 0.404256	 -1.240035	 -0.579694	 5.101920	 1.758262	 0.668605
 0.409358	 -1.238277	 -0.579026	 5.096431	 1.775099	 0.676476
 0.414455	 -1.236502	 -0.578349	 5.090869	 1.791924	 0.684343
 0.419546	 -1.234710	 -0.577665	 5.085234	 1.808737	 0.692207
 0.424631	 -1.232901	 -0.576973	 5.079525	 1.825538	 0.700068
 0.429710	 -1.231076	 -0.576272	 5.073743	 1.842326	 0.707924
 0.434784	 -1.229233	 -0.575565	 5.067887	 1.859101	 0.715777
 0.439852	 -1.227374	 -0.574849	 5.061959	 1.875863	 0.723625
 0.444914	 -1.225498	 -0.574125	 5.055956	 1.892611	 0.731469
 0.449970	 -1.223606	 -0.573394	 5.049881	 1.909346	 0.739309
 0.455020	 -1.221696	 -0.572654	 5.043732	 1.926066	 0.747145
 0.460064	 -1.219770	 -0.571907	 5.037510	 1.942772	 0.754975
 0.465101	 -1.217827	 -0.571152	 5.031214	 1.959464	 0.762801
 0.470132	 -1.215868	 -0.570389	 5.024846	 1.976140	 0.770623
 0.475157	 -1.213892	 -0.569619	 5.018403	 1.992801	 0.778439
 0.480176	 -1.211899	 -0.568840	 5.011888	 2.009447	 0.786250
 0.485187	 -1.209890	 -0.568054	 5.005299	 2.026076	 0.794055
 0.490193	 -1.207864	 -0.567260	 4.998637	 2.042690	 0.801855
 0.495191	 -1.205821	 -0.566458	 4.991901	 2.059287	 0.809650
 0.500183	 -1.203762	 -0.565649	 4.985092	 2.075867	 0.817439
 0.505168	 -1.201686	 -0.564831	 4.978210	 2.092430	 0.825221
 0.510147	 -1.199593	 -0.564006	 4.971254	 2.108975	 0.832998
 0.515118	 -1.197484	 -0.563173	 4.964226	 2.125503	 0.840769
 0.520082	 -1.195359	 -0.562332	 4.957124	 2.142013	 0.848534
 0.525039	 -1.193217	 -0.561484	 4.949949	 2.158504	 0.856292
 0.529989	 -1.191058	 -0.560627	 4.942700	 2.174977	 0.864043
 0.534932	 -1.188883	 -0.559763	 4.935379	 2.191430	 0.871788
 0.539867	 -1.186692	 -0.558891	 4.927984	 2.207865	 0.879526
 0.544795	 -1.184484	 -0.558012	 4.920517	 2.224280	 0.887256
 0.549716	 -1.182260	 -0.557125	 4.912976	 2.240675	 0.894980
 0.554629	 -1.180019	 -0.556230	 4.905362	 2.257050	 0.902697
 0.559534	 -1.177762	 -0.555327	 4.897675	 2.273404	 0.910406
 0.564432	 -1.175489	 -0.554417	 4.889915	 2.289737	 0.918107
 0.569322	 -1.173199	 -0.553499	 4.882083	 2.306050	 0.925801
 0.574204	 -1.170893	 -0.552573	 4.874177	 2.322341	 0.933487
 0.579078	 -1.168570	 -0.551639	 4.866199	 2.338610	 0.941165
 0.583944	 -1.166232	 -0.550698	 4.858148	 2.354857	 0.948834
 0.588802	 -1.163877	 -0.549749	 4.850024	 2.371082	 0.956496
 0.593652	 -1.161506	 -0.548793	 4.841827	 2.387285	 0.964149
 0.598494	 -1.159119	 -0.547829	 4.833558	 2.403464	 0.971793
 0.603328	 -1.156715	 -0.546857	 4.825216	 2.419620	 0.979429
 0.608153	 -1.154296	 -0.545877	 4.816801	 2.435752	 0.987056
 0.612970	 -1.151860	 -0.544890	 4.808314	 2.451861	 0.994674
 0.617778	 -1.149408	 -0.543896	 4.799755	 2.467945	 1.002282
 0.622578	 -1.146940	 -0.542893	 4.791123	 2.484005	 1.009882
 0.627369	 -1.144456	 -0.541883	 4.782419	 2.500040	 1.017472
 0.632151	 -1.141956	 -0.540866	 4.773643	 2.516050	 1.025052
 0.636925	 -1.139440	 -0.539841	 4.764794	 2.532035	 1.032623
 0.641690	 -1.136908	 -0.538808	 4.755873	 2.547993	 1.040184
 0.646446	 -1.134360	 -0.537768	 4.746881	 2.563926	 1.047735
 0.651192	 -1.131796	 -0.536720	 4.737816	 2.579832	 1.055276
 0.655930	 -1.129216	 -0.535665	 4.728680	 2.595712	 1.062806
 0.660659	 -1.126620	 -0.534602	 4.719471	 2.611564	 1.070326
 0.665378	 -1.124009	 -0.533532	 4.710191	 2.627390	 1.077835
 0.670089	 -1.121381	 -0.532454	 4.700839	 2.643187	 1.085334
 0.674789	 -1.118738	 -0.531369	 4.691416	 2.658957	 1.092822
 0.679481	 -1.116079	 -0.530276	 4.681921	 2.674699	 1.100299
 0.684163	 -1.113405	 -0.529176	 4.672355	 2.690412	 1.107764
 0.688835	 -1.110714	 -0.528068	 4.662717	 2.706096	 1.115219
 0.693498	 -1.108008	 -0.526953	 4.653009	 2.721751	 1.122662
 0.698151	 -1.105286	 -0.525830	 4.643229	 2.737377	 1.130093
 0.702794	 -1.102549	 -0.524700	 4.633378	 2.752972	 1.137512
 0.707427	 -1.099796	 -0.523562	 4.623456	 2.768538	 1.144920
 0.712051	 -1.097027	 -0.522418	 4.613463	 2.784073	 1.152316
 0.716664	 -1.094243	 -0.521265	 4.603399	 2.799578	 1.159699
 0.721268	 -1.091444	 -0.520106	 4.593265	 2.815051	 1.167070
 0.725861	 -1.088629	 -0.518938	 4.583060	 2.830494	 1.174429
 0.730444	 -1.085798	 -0.517764	 4.572785	 2.845904	 1.181775
 0.735017	 -1.082952	 -0.516582	 4.562439	 2.861283	 1.189108
 0.739579	 -1.080091	 -0.515393	 4.552023	 2.876629	 1.196429
 0.744131	 -1.077214	 -0.514197	 4.541537	 2.891943	 1.203736
 0.748673	 -1.074323	 -0.512993	 4.530981	 2.907224	 1.211030
 0.753204	 -1.071415	 -0.511782	 4.520356	 2.922472	 1.218311
 0.757724	 -1.068493	 -0.510564	 4.509660	 2.937686	 1.225579
 0.762234	 -1.065555	 -0.509338	 4.498895	 2.952867	 1.232833
 0.766733	 -1.062602	 -0.508105	 4.488060	 2.968013	 1.240073
 0.771221	 -1.059634	 -0.506865	 4.477156	 2.983125	 1.247299
 0.775698	 -1.056651	 -0.505618	 4.466182	 2.998203	 1.254511
 0.780164	 -1.053653	 -0.504363	 4.455139	 3.013245	 1.261709
 0.784619	 -1.050640	 -0.503102	 4.444028	 3.028252	 1.268892
 0.789063	 -1.047611	 -0.501833	 4.432847	 3.043223	 1.276061
 0.793496	 -1.044568	 -0.500557	 4.421598	 3.058159	 1.283216
 0.797918	 -1.041510	 -0.499273	 4.410280	 3.073058	 1.290355
 0.802328	 -1.038437	 -0.497983	 4.398893	 3.087920	 1.297480
 0.806727	 -1.035349	 -0.496686	 4.387438	 3.102746	 1.304590
 0.811114	 -1.032246	 -0.495381	 4.375915	 3.117535	 1.311684
 0.815490	 -1.029129	 -0.494069	 4.364324	 3.132286	 1.318764
 0.819855	 -1.025996	 -0.492751	 4.352665	 3.146999	 1.325827
 0.824207	 -1.022849	 -0.491425	 4.340938	 3.161675	 1.332875
 0.828548	 -1.019688	 -0.490092	 4.329144	 3.176312	 1.339908
 0.832877	 -1.016512	 -0.488752	 4.317282	 3.190910	 1.346924
 0.837195	 -1.013321	 -0.487405	 4.305353	 3.205470	 1.353924
 0.841500	 -1.010115	 -0.486051	 4.293356	 3.219990	 1.360909
 0.845793	 -1.006895	 -0.484690	 4.281293	 3.234470	 1.367876
 0.850075	 -1.003661	 -0.483322	 4.269163	 3.248911	 1.374828
 0.854344	 -1.000412	 -0.481948	 4.256966	 3.263312	 1.381762
 0.858601	 -0.997148	 -0.480566	 4.244702	 3.277672	 1.388680
 0.862846	 -0.993871	 -0.479177	 4.232373	 3.291991	 1.395581
 0.867078	 -0.990579	 -0.477781	 4.219977	 3.306269	 1.402466
 0.871298	 -0.987273	 -0.476379	 4.207515	 3.320506	 1.409332
 0.875505	 -0.983952	 -0.474970	 4.194987	 3.334702	 1.416182
 0.879700	 -0.980617	 -0.473553	 4.182393	 3.348855	 1.423014
 0.883883	 -0.977268	 -0.472130	 4.169734	 3.362966	 1.429828
 0.888052	 -0.973905	 -0.470701	 4.157010	 3.377035	 1.436625
 0.892210	 -0.970528	 -0.469264	 4.144221	 3.391061	 1.443404
 0.896354	 -0.967137	 -0.467821	 4.131366	 3.405043	 1.450165
 0.900485	 -0.963732	 -0.466370	 4.118447	 3.418983	 1.456908
 0.904604	 -0.960313	 -0.464914	 4.105464	 3.432878	 1.463632
 0.908709	 -0.956880	 -0.463450	 4.092415	 3.446730	 1.470338
 0.912801	 -0.953434	 -0.461980	 4.079303	 3.460537	 1.477025
 0.916881	 -0.949973	 -0.460503	 4.066127	 3.474300	 1.483694
 0.920947	 -0.946499	 -0.459019	 4.052887	 3.488018	 1.490344
 0.925000	 -0.943011	 -0.457529	 4.039583	 3.501691	 1.496975
 0.929039	 -0.939509	 -0.456032	 4.026216	 3.515318	 1.503586
 0.933066	 -0.935994	 -0.454528	 4.012785	 3.528900	 1.510179
 0.937078	 -0.932465	 -0.453018	 3.999292	 3.542436	 1.516752
 0.941078	 -0.928923	 -0.451501	 3.985736	 3.555925	 1.523306
 0.945063	 -0.925367	 -0.449978	 3.972117	 3.569368	 1.529839
 0.949035	 -0.921797	 -0.448448	 3.958436	 3.582764	 1.536354
 0.952994	 -0.918214	 -0.446912	 3.944692	 3.596113	 1.542848
 0.956939	 -0.914618	 -0.445369	 3.930887	 3.609415	 1.549322
 0.960869	 -0.911009	 -0.443819	 3.917020	 3.622669	 1.555776
 0.964786	 -0.907386	 -0.442264	 3.903091	 3.635875	 1.562209
 0.968690	 -0.903750	 -0.440701	 3.889101	 3.649032	 1.568622
 0.972579	 -0.900101	 -0.439133	 3.875050	 3.662142	 1.575015
 0.976454	 -0.896439	 -0.437558	 3.860938	 3.675202	 1.581387
 0.980315	 -0.892764	 -0.435976	 3.846765	 3.688213	 1.587738
 0.984161	 -0.889076	 -0.434389	 3.832532	 3.701175	 1.594068
 0.987994	 -0.885375	 -0.432795	 3.818239	 3.714088	 1.600376
 0.991812	 -0.881661	 -0.431194	 3.803885	 3.726950	 1.606664
 0.995616	 -0.877934	 -0.429588	 3.789472	 3.739763	 1.612930
 0.999406	 -0.874194	 -0.427975	 3.774999	 3.752525	 1.619175
 1.003181	 -0.870441	 -0.426355	 3.760467	 3.765236	 1.625398
 1.006941	 -0.866676	 -0.424730	 3.745876	 3.777896	 1.631599
 1.010687	 -0.862898	 -0.423098	 3.731227	 3.790506	 1.637778
 1.014418	 -0.859108	 -0.421461	 3.716518	 3.803063	 1.643936
 1.018135	 -0.855305	 -0.419817	 3.701751	 3.815569	 1.650071
 1.021836	 -0.851489	 -0.418167	 3.686927	 3.828023	 1.656184
 1.025523	 -0.847661	 -0.416510	 3.672044	 3.840425	 1.662274
 1.029195	 -0.843821	 -0.414848	 3.657104	 3.852774	 1.668342
 1.032852	 -0.839968	 -0.413180	 3.642106	 3.865070	 1.674387
 1.036495	 -0.836103	 -0.411505	 3.627051	 3.877313	 1.680410
 1.040122	 -0.832225	 -0.409825	 3.611940	 3.889503	 1.686409
 1.043734	 -0.828336	 -0.408139	 3.596772	 3.901640	 1.692386
 1.047330	 -0.824434	 -0.406446	 3.581547	 3.913722	 1.698339
 1.050912	 -0.820521	 -0.404748	 3.566267	 3.925751	 1.704269
 1.054478	 -0.816595	 -0.403044	 3.550930	 3.937725	 1.710176
 1.058029	 -0.812657	 -0.401333	 3.535538	 3.949645	 1.716059
 1.061565	 -0.808707	 -0.399617	 3.520091	 3.961509	 1.721918
 1.065085	 -0.804746	 -0.397895	 3.504589	 3.973319	 1.727754
 1.068589	 -0.800773	 -0.396168	 3.489032	 3.985074	 1.733566
 1.072078	 -0.796788	 -0.394434	 3.473420	 3.996772	 1.739354
 1.075552	 -0.792791	 -0.392695	 3.457754	 4.008415	 1.745117
 1.079010	 -0.788782	 -0.390950	 3.442035	 4.020002	 1.750857
 1.082452	 -0.784762	 -0.389199	 3.426261	 4.031533	 1.756572
 1.085878	 -0.780731	 -0.387442	 3.410435	 4.043007	 1.762262
 1.089288	 -0.776688	 -0.385680	 3.394555	 4.054425	 1.767928
 1.092683	 -0.772633	 -0.383912	 3.378622	 4.065785	 1.773570
 1.096061	 -0.768568	 -0.382138	 3.362637	 4.077088	 1.779186
 1.099424	 -0.764491	 -0.380359	 3.346599	 4.088334	 1.784777
 1.102771	 -0.760402	 -0.378575	 3.330510	 4.099522	 1.790344
 1.106101	 -0.756303	 -0.376784	 3.314369	 4.110652	 1.795885
 1.109416	 -0.752192	 -0.374988	 3.298176	 4.121724	 1.801401
 1.112714	 -0.748070	 -0.373187	 3.281932	 4.132737	 1.806891
 1.115996	 -0.743938	 -0.371380	 3.265637	 4.143692	 1.812356
 1.119261	 -0.739794	 -0.369568	 3.249292	 4.154588	 1.817796
 1.122511	 -0.735639	 -0.367750	 3.232897	 4.165425	 1.823209
 1.125743	 -0.731474	 -0.365927	 3.216451	 4.176202	 1.828597
 1.128960	 -0.727298	 -0.364098	 3.199956	 4.186920	 1.833959
 1.132160	 -0.723111	 -0.362264	 3.183412	 4.197579	 1.839295
 1.135343	 -0.718913	 -0.360425	 3.166818	 4.208177	 1.844604
 1.138510	 -0.714705	 -0.358580	 3.150176	 4.218715	 1.849887
 1.141660	 -0.710486	 -0.356730	 3.133485	 4.229193	 1.855144
 1.144794	 -0.706257	 -0.354875	 3.116746	 4.239610	 1.860375
 1.147911	 -0.702017	 -0.353015	 3.099959	 4.249966	 1.865578
 1.151010	 -0.697767	 -0.351149	 3.083125	 4.260261	 1.870755
 1.154094	 -0.693507	 -0.349278	 3.066243	 4.270495	 1.875906
 1.157160	 -0.689237	 -0.347403	 3.049315	 4.280668	 1.881029
 1.160209	 -0.684956	 -0.345522	 3.032339	 4.290779	 1.886125
 1.163242	 -0.680665	 -0.343635	 3.015318	 4.300828	 1.891194
 1.166257	 -0.676364	 -0.341744	 2.998250	 4.310815	 1.896236
 1.169255	 -0.672054	 -0.339848	 2.981137	 4.320739	 1.901251
 1.172236	 -0.667733	 -0.337947	 2.963979	 4.330602	 1.906238
 1.175200	 -0.663402	 -0.336040	 2.946775	 4.340401	 1.911198
 1.178147	 -0.659062	 -0.334129	 2.929527	 4.350138	 1.916130
 1.181076	 -0.654712	 -0.332213	 2.912234	 4.359812	 1.921034
 1.183989	 -0.650352	 -0.330292	 2.894897	 4.369422	 1.925911
 1.186884	 -0.645983	 -0.328366	 2.877517	 4.378969	 1.930759
 1.189761	 -0.641604	 -0.326435	 2.860093	 4.388452	 1.935580
 1.192621	 -0.637215	 -0.324500	 2.842626	 4.397872	 1.940372
 1.195464	 -0.632817	 -0.322559	 2.825116	 4.407227	 1.945136
 1.198289	 -0.628410	 -0.320614	 2.807564	 4.416518	 1.949872
 1.201097	 -0.623993	 -0.318664	 2.789969	 4.425745	 1.954580
 1.203887	 -0.619568	 -0.316710	 2.772333	 4.434908	 1.959259
 1.206659	 -0.615133	 -0.314751	 2.754655	 4.444005	 1.963910
 1.209414	 -0.610689	 -0.312787	 2.736937	 4.453038	 1.968531
 1.212150	 -0.606236	 -0.310818	 2.719177	 4.462006	 1.973124
 1.214870	 -0.601774	 -0.308845	 2.701377	 4.470908	 1.977689
 1.217571	 -0.597303	 -0.306867	 2.683537	 4.479745	 1.982224
 1.220255	 -0.592823	 -0.304885	 2.665657	 4.488516	 1.986730
 1.222920	 -0.588335	 -0.302898	 2.647738	 4.497222	 1.991208
 1.225568	 -0.583837	 -0.300907	 2.629779	 4.505862	 1.995656
 1.228198	 -0.579332	 -0.298912	 2.611782	 4.514435	 2.000074
 1.230809	 -0.574817	 -0.296911	 2.593746	 4.522942	 2.004464
 1.233403	 -0.570294	 -0.294907	 2.575673	 4.531383	 2.008824
 1.235979	 -0.565763	 -0.292898	 2.557561	 4.539757	 2.013154
 1.238536	 -0.561223	 -0.290885	 2.539413	 4.548065	 2.017455
 1.241076	 -0.556675	 -0.288868	 2.521227	 4.556306	 2.021726
 1.243597	 -0.552119	 -0.286846	 2.503004	 4.564479	 2.025968
 1.246100	 -0.547554	 -0.284820	 2.484745	 4.572585	 2.030179
 1.248585	 -0.542982	 -0.282790	 2.466451	 4.580624	 2.034361
 1.251051	 -0.538401	 -0.280755	 2.448120	 4.588596	 2.038512
 1.253499	 -0.533812	 -0.278717	 2.429754	 4.596500	 2.042634
 1.255929	 -0.529216	 -0.276674	 2.411354	 4.604336	 2.046725
 1.258341	 -0.524612	 -0.274627	 2.392919	 4.612104	 2.050787
 1.260733	 -0.519999	 -0.272577	 2.374449	 4.619804	 2.054817
 1.263108	 -0.515380	 -0.270522	 2.355946	 4.627436	 2.058818
 1.265464	 -0.510752	 -0.268463	 2.337409	 4.634999	 2.062788
 1.267801	 -0.506117	 -0.266400	 2.318839	 4.642494	 2.066727
 1.270120	 -0.501475	 -0.264334	 2.300236	 4.649921	 2.070636
 1.272420	 -0.496825	 -0.262263	 2.281601	 4.657278	 2.074515
 1.274702	 -0.492167	 -0.260188	 2.262934	 4.664567	 2.078362
 1.276965	 -0.487503	 -0.258110	 2.244235	 4.671787	 2.082179
 1.279209	 -0.482831	 -0.256028	 2.225505	 4.678937	 2.085965
 1.281435	 -0.478152	 -0.253942	 2.206744	 4.686019	 2.089720
 1.283641	 -0.473466	 -0.251852	 2.187952	 4.693031	 2.093444
 1.285829	 -0.468773	 -0.249759	 2.169129	 4.699973	 2.097137
 1.287998	 -0.464073	 -0.247662	 2.150277	 4.706846	 2.100799
 1.290149	 -0.459366	 -0.245561	 2.131396	 4.713649	 2.104429
 1.292280	 -0.454653	 -0.243456	 2.112485	 4.720382	 2.108029
 1.294393	 -0.449932	 -0.241348	 2.093546	 4.727046	 2.111597
 1.296486	 -0.445205	 -0.239237	 2.074578	 4.733639	 2.115133
 1.298561	 -0.440472	 -0.237122	 2.055582	 4.740162	 2.118639
 1.300616	 -0.435731	 -0.235003	 2.036558	 4.746615	 2.122113
 1.302653	 -0.430985	 -0.232881	 2.017507	 4.752997	 2.125555
 1.304670	 -0.426232	 -0.230755	 1.998429	 4.759309	 2.128965
 1.306669	 -0.421473	 -0.228626	 1.979324	 4.765551	 2.132344
 1.308648	 -0.416707	 -0.226494	 1.960194	 4.771722	 2.135692
 1.310608	 -0.411935	 -0.224358	 1.941037	 4.777822	 2.139007
 1.312549	 -0.407157	 -0.222219	 1.921855	 4.783851	 2.142291
 1.314471	 -0.402374	 -0.220077	 1.902648	 4.789809	 2.145543
 1.316374	 -0.397584	 -0.217931	 1.883416	 4.795696	 2.148763
 1.318257	 -0.392788	 -0.215783	 1.864160	 4.801512	 2.151951
 1.320121	 -0.387987	 -0.213631	 1.844879	 4.807256	 2.155107
 1.321966	 -0.383179	 -0.211476	 1.825576	 4.812930	 2.158230
 1.323792	 -0.378366	 -0.209317	 1.806249	 4.818532	 2.161322
 1.325598	 -0.373548	 -0.207156	 1.786899	 4.824063	 2.164382
 1.327385	 -0.368724	 -0.204992	 1.767526	 4.829522	 2.167409
 1.329153	 -0.363894	 -0.202824	 1.748132	 4.834909	 2.170404
 1.330901	 -0.359059	 -0.200654	 1.728716	 4.840225	 2.173367
 1.332629	 -0.354219	 -0.198481	 1.709278	 4.845469	 2.176298
 1.334339	 -0.349374	 -0.196304	 1.689820	 4.850641	 2.179196
 1.336029	 -0.344523	 -0.194125	 1.670341	 4.855741	 2.182062
 1.337699	 -0.339667	 -0.191943	 1.650841	 4.860769	 2.184895
 1.339350	 -0.334806	 -0.189758	 1.631322	 4.865726	 2.187696
 1.340981	 -0.329941	 -0.187570	 1.611784	 4.870610	 2.190464
 1.342593	 -0.325070	 -0.185380	 1.592226	 4.875422	 2.193199
 1.344185	 -0.320195	 -0.183187	 1.572650	 4.880162	 2.195902
 1.345758	 -0.315315	 -0.180991	 1.553055	 4.884829	 2.198573
 1.347311	 -0.310430	 -0.178792	 1.533442	 4.889425	 2.201210
 1.348844	 -0.305540	 -0.176591	 1.513812	 4.893948	 2.203815
 1.350358	 -0.300646	 -0.174387	 1.494165	 4.898398	 2.206388
 1.351852	 -0.295748	 -0.172181	 1.474501	 4.902776	 2.208927
 1.353327	 -0.290845	 -0.169972	 1.454820	 4.907082	 2.211434
 1.354781	 -0.285938	 -0.167760	 1.435124	 4.911315	 2.213908
 1.356217	 -0.281027	 -0.165547	 1.415411	 4.915475	 2.216349
 1.357632	 -0.276111	 -0.163330	 1.395684	 4.919563	 2.218757
 1.359028	 -0.271192	 -0.161111	 1.375941	 4.923578	 2.221132
 1.360404	 -0.266268	 -0.158890	 1.356184	 4.927521	 2.223474
 1.361760	 -0.261341	 -0.156667	 1.336413	 4.931390	 2.225783
 1.363096	 -0.256409	 -0.154441	 1.316628	 4.935187	 2.228059
 1.364413	 -0.251474	 -0.152213	 1.296830	 4.938912	 2.230302
 1.365710	 -0.246535	 -0.149983	 1.277019	 4.942563	 2.232513
 1.366987	 -0.241593	 -0.147750	 1.257195	 4.946142	 2.234690
 1.368244	 -0.236646	 -0.145515	 1.237359	 4.949647	 2.236834
 1.369481	 -0.231697	 -0.143279	 1.217511	 4.953080	 2.238944
 1.370699	 -0.226744	 -0.141040	 1.197651	 4.956440	 2.241022
 1.371896	 -0.221787	 -0.138799	 1.177781	 4.959727	 2.243067
 1.373074	 -0.216828	 -0.136556	 1.157900	 4.962941	 2.245078
 1.374232	 -0.211865	 -0.134311	 1.138008	 4.966082	 2.247057
 1.375370	 -0.206899	 -0.132063	 1.118107	 4.969151	 2.249002
 1.376488	 -0.201929	 -0.129814	 1.098195	 4.972146	 2.250914
 1.377586	 -0.196957	 -0.127564	 1.078275	 4.975068	 2.252792
 1.378665	 -0.191982	 -0.125311	 1.058346	 4.977917	 2.254638
 1.379723	 -0.187004	 -0.123056	 1.038408	 4.980694	 2.256450
 1.380761	 -0.182024	 -0.120800	 1.018463	 4.983397	 2.258229
 1.381780	 -0.177040	 -0.118541	 0.998509	 4.986028	 2.259974
 1.382778	 -0.172054	 -0.116281	 0.978549	 4.988585	 2.261687
 1.383757	 -0.167066	 -0.114020	 0.958581	 4.991070	 2.263366
 1.384716	 -0.162074	 -0.111756	 0.938607	 4.993481	 2.265012
 1.385654	 -0.157081	 -0.109491	 0.918627	 4.995820	 2.266624
 1.386573	 -0.152085	 -0.107225	 0.898641	 4.998085	 2.268204
 1.387471	 -0.147087	 -0.104957	 0.878649	 5.000278	 2.269750
 1.388350	 -0.142087	 -0.102687	 0.858652	 5.002398	 2.271262
 1.389209	 -0.137084	 -0.100416	 0.838651	 5.004445	 2.272742
 1.390047	 -0.132080	 -0.098143	 0.818646	 5.006419	 2.274188
 1.390866	 -0.127074	 -0.095869	 0.798636	 5.008320	 2.275600
 1.391665	 -0.122065	 -0.093593	 0.778623	 5.010149	 2.276980
 1.392443	 -0.117055	 -0.091316	 0.758607	 5.011904	 2.278326
 1.393202	 -0.112043	 -0.089038	 0.738588	 5.013587	 2.279639
 1.393940	 -0.107030	 -0.086758	 0.718567	 5.015197	 2.280918
 1.394659	 -0.102014	 -0.084477	 0.698543	 5.016735	 2.282165
 1.395358	 -0.096998	 -0.082195	 0.678518	 5.018200	 2.283377
 1.396036	 -0.091979	 -0.079912	 0.658492	 5.019592	 2.284557
 1.396695	 -0.086960	 -0.077627	 0.638465	 5.020911	 2.285704
 1.397333	 -0.081939	 -0.075341	 0.618437	 5.022158	 2.286817
 1.397951	 -0.076917	 -0.073055	 0.598409	 5.023333	 2.287897
 1.398550	 -0.071893	 -0.070767	 0.578381	 5.024435	 2.288943
 1.399128	 -0.066869	 -0.068478	 0.558353	 5.025464	 2.289957
 1.399687	 -0.061844	 -0.066188	 0.538327	 5.026421	 2.290937
 1.400225	 -0.056817	 -0.063897	 0.518302	 5.027306	 2.291884
 1.400743	 -0.051790	 -0.061605	 0.498278	 5.028119	 2.292797
 1.401242	 -0.046762	 -0.059312	 0.478257	 5.028859	 2.293678
 1.401720	 -0.041733	 -0.057018	 0.458238	 5.029527	 2.294525
 1.402178	 -0.036703	 -0.054724	 0.438222	 5.030123	 2.295340
 1.402616	 -0.031673	 -0.052429	 0.418208	 5.030647	 2.296121
 1.403034	 -0.026643	 -0.050132	 0.398199	 5.031099	 2.296869
 1.403433	 -0.021611	 -0.047836	 0.378193	 5.031478	 2.297583
 1.403811	 -0.016580	 -0.045538	 0.358191	 5.031786	 2.298265
 1.404169	 -0.011548	 -0.043240	 0.338194	 5.032023	 2.298914
 1.404507	 -0.006516	 -0.040941	 0.318202	 5.032187	 2.299529
 1.404825	 -0.001484	 -0.038641	 0.298215	 5.032280	 2.300112
 1.405124	 0.003548	 -0.036341	 0.278234	 5.032301	 2.300662
 1.405402	 0.008581	 -0.034041	 0.258259	 5.032250	 2.301178
 1.405660	 0.013613	 -0.031739	 0.238290	 5.032129	 2.301662
 1.405898	 0.018645	 -0.029438	 0.218328	 5.031935	 2.302113
 1.406117	 0.023677	 -0.027136	 0.198373	 5.031671	 2.302531
 1.406315	 0.028709	 -0.024833	 0.178425	 5.031335	 2.302916
 1.406494	 0.033740	 -0.022530	 0.158486	 5.030928	 2.303268
 1.406652	 0.038771	 -0.020227	 0.138554	 5.030450	 2.303587
 1.406791	 0.043801	 -0.017923	 0.118631	 5.029900	 2.303873
 1.406909	 0.048831	 -0.015619	 0.098717	 5.029280	 2.304127
 1.407008	 0.053860	 -0.013315	 0.078812	 5.028589	 2.304348
 1.407087	 0.058889	 -0.011011	 0.058916	 5.027828	 2.304536
 1.407146	 0.063917	 -0.008706	 0.039031	 5.026996	 2.304692
 1.407185	 0.068944	 -0.006402	 0.019155	 5.026093	 2.304815
 1.407204	 0.073970	 -0.004097	 -0.000709	 5.025120	 2.304905
 1.407203	 0.078995	 -0.001792	 -0.020563	 5.024076	 2.304963
 1.407183	 0.084019	 0.000513	 -0.040406	 5.022962	 2.304988
 1.407142	 0.089042	 0.002818	 -0.060237	 5.021778	 2.304981
 1.407082	 0.094064	 0.005123	 -0.080055	 5.020524	 2.304941
 1.407002	 0.099084	 0.007428	 -0.099862	 5.019200	 2.304869
 1.406902	 0.104104	 0.009733	 -0.119656	 5.017806	 2.304765
 1.406782	 0.109121	 0.012038	 -0.139436	 5.016342	 2.304628
 1.406643	 0.114138	 0.014342	 -0.159204	 5.014809	 2.304459
 1.406484	 0.119153	 0.016647	 -0.178958	 5.013206	 2.304257
 1.406305	 0.124166	 0.018951	 -0.198697	 5.011534	 2.304024
 1.406106	 0.129177	 0.021255	 -0.218423	 5.009792	 2.303758
 1.405888	 0.134187	 0.023559	 -0.238133	 5.007981	 2.303460
 1.405650	 0.139195	 0.025862	 -0.257829	 5.006102	 2.303130
 1.405392	 0.144201	 0.028165	 -0.277509	 5.004153	 2.302768
 1.405114	 0.149205	 0.030468	 -0.297174	 5.002135	 2.302374
 1.404817	 0.154208	 0.032770	 -0.316822	 5.000049	 2.301948
 1.404500	 0.159208	 0.035072	 -0.336454	 4.997894	 2.301490
 1.404164	 0.164205	 0.037374	 -0.356070	 4.995670	 2.301000
 1.403808	 0.169201	 0.039675	 -0.375668	 4.993378	 2.300478
 1.403432	 0.174194	 0.041975	 -0.395249	 4.991018	 2.299925
 1.403037	 0.179186	 0.044275	 -0.414813	 4.988590	 2.299340
 1.402622	 0.184174	 0.046575	 -0.434358	 4.986094	 2.298723
 1.402188	 0.189160	 0.048873	 -0.453885	 4.983530	 2.298075
 1.401734	 0.194144	 0.051171	 -0.473393	 4.980898	 2.297395
 1.401260	 0.199125	 0.053469	 -0.492883	 4.978199	 2.296683
 1.400767	 0.204103	 0.055765	 -0.512353	 4.975432	 2.295940
 1.400255	 0.209078	 0.058061	 -0.531804	 4.972598	 2.295166
 1.399723	 0.214051	 0.060357	 -0.551234	 4.969696	 2.294360
 1.399172	 0.219021	 0.062651	 -0.570644	 4.966728	 2.293523
 1.398601	 0.223987	 0.064944	 -0.590034	 4.963693	 2.292655
 1.398011	 0.228951	 0.067237	 -0.609403	 4.960591	 2.291756
 1.397402	 0.233912	 0.069529	 -0.628751	 4.957422	 2.290825
 1.396773	 0.238869	 0.071820	 -0.648077	 4.954187	 2.289864
 1.396125	 0.243823	 0.074110	 -0.667382	 4.950886	 2.288871
 1.395458	 0.248774	 0.076398	 -0.686664	 4.947518	 2.287847
 1.394771	 0.253722	 0.078686	 -0.705924	 4.944085	 2.286793
 1.394065	 0.258666	 0.080973	 -0.725161	 4.940585	 2.285708
 1.393340	 0.263606	 0.083259	 -0.744375	 4.937020	 2.284592
 1.392596	 0.268543	 0.085543	 -0.763566	 4.933390	 2.283445
 1.391832	 0.273477	 0.087827	 -0.782734	 4.929693	 2.282267
 1.391049	 0.278406	 0.090109	 -0.801877	 4.925932	 2.281060
 1.390247	 0.283332	 0.092390	 -0.820996	 4.922106	 2.279821
 1.389426	 0.288254	 0.094670	 -0.840090	 4.918214	 2.278552
 1.388586	 0.293173	 0.096948	 -0.859160	 4.914258	 2.277253
 1.387727	 0.298087	 0.099226	 -0.878205	 4.910237	 2.275923
 1.386849	 0.302997	 0.101502	 -0.897224	 4.906152	 2.274563
 1.385952	 0.307903	 0.103776	 -0.916217	 4.902002	 2.273173
 1.385036	 0.312805	 0.106049	 -0.935185	 4.897788	 2.271753
 1.384100	 0.317703	 0.108321	 -0.954126	 4.893510	 2.270303
 1.383146	 0.322597	 0.110591	 -0.973040	 4.889169	 2.268822
 1.382173	 0.327486	 0.112860	 -0.991928	 4.884763	 2.267312
 1.381181	 0.332370	 0.115128	 -1.010788	 4.880295	 2.265772
 1.380170	 0.337251	 0.117393	 -1.029622	 4.875763	 2.264202
 1.379141	 0.342127	 0.119658	 -1.048427	 4.871168	 2.262603
 1.378092	 0.346998	 0.121920	 -1.067204	 4.866509	 2.260974
 1.377025	 0.351864	 0.124181	 -1.085953	 4.861788	 2.259315
 1.375939	 0.356726	 0.126440	 -1.104674	 4.857005	 2.257627
 1.374835	 0.361583	 0.128698	 -1.123366	 4.852159	 2.255909
 1.373711	 0.366435	 0.130954	 -1.142028	 4.847251	 2.254162
 1.372569	 0.371282	 0.133208	 -1.160661	 4.842280	 2.252386
 1.371409	 0.376125	 0.135461	 -1.179265	 4.837248	 2.250580
 1.370229	 0.380962	 0.137711	 -1.197838	 4.832154	 2.248746
 1.369031	 0.385794	 0.139960	 -1.216382	 4.826998	 2.246882
 1.367815	 0.390621	 0.142207	 -1.234895	 4.821781	 2.244989
 1.366580	 0.395443	 0.144452	 -1.253377	 4.816503	 2.243068
 1.365327	 0.400259	 0.146695	 -1.271828	 4.811164	 2.241117
 1.364055	 0.405071	 0.148936	 -1.290248	 4.805764	 2.239138
 1.362765	 0.409876	 0.151175	 -1.308636	 4.800304	 2.237131
 1.361456	 0.414677	 0.153412	 -1.326993	 4.794782	 2.235094
 1.360129	 0.419471	 0.155647	 -1.345318	 4.789201	 2.233029
 1.358784	 0.424261	 0.157880	 -1.363610	 4.783560	 2.230936
 1.357420	 0.429044	 0.160111	 -1.381869	 4.777858	 2.228814
 1.356038	 0.433822	 0.162340	 -1.400096	 4.772097	 2.226665
 1.354638	 0.438594	 0.164567	 -1.418290	 4.766277	 2.224486
 1.353220	 0.443360	 0.166791	 -1.436450	 4.760397	 2.222280
 1.351783	 0.448121	 0.169013	 -1.454577	 4.754458	 2.220046
 1.350329	 0.452875	 0.171234	 -1.472670	 4.748460	 2.217784
 1.348856	 0.457624	 0.173451	 -1.490729	 4.742403	 2.215494
 1.347365	 0.462366	 0.175667	 -1.508754	 4.736288	 2.213176
 1.345857	 0.467102	 0.177880	 -1.526744	 4.730115	 2.210830
 1.344330	 0.471833	 0.180091	 -1.544699	 4.723883	 2.208457
 1.342785	 0.476556	 0.182299	 -1.562620	 4.717593	 2.206057
 1.341223	 0.481274	 0.184505	 -1.580505	 4.711246	 2.203629
 1.339642	 0.485985	 0.186709	 -1.598354	 4.704841	 2.201173
 1.338044	 0.490690	 0.188910	 -1.616168	 4.698379	 2.198690
 1.336428	 0.495388	 0.191109	 -1.633945	 4.691859	 2.196181
 1.334794	 0.500080	 0.193305	 -1.651687	 4.685283	 2.193644
 1.333142	 0.504766	 0.195499	 -1.669392	 4.678650	 2.191079
 1.331473	 0.509444	 0.197690	 -1.687060	 4.671960	 2.188489
 1.329786	 0.514116	 0.199878	 -1.704691	 4.665214	 2.185871
 1.328081	 0.518781	 0.202064	 -1.722285	 4.658412	 2.183226
 1.326359	 0.523440	 0.204247	 -1.739842	 4.651554	 2.180555
 1.324619	 0.528091	 0.206428	 -1.757361	 4.644640	 2.177857
 1.322861	 0.532736	 0.208606	 -1.774843	 4.637670	 2.175133
 1.321087	 0.537374	 0.210781	 -1.792286	 4.630646	 2.172382
 1.319294	 0.542004	 0.212953	 -1.809691	 4.623566	 2.169605
 1.317485	 0.546628	 0.215123	 -1.827058	 4.616431	 2.166802
 1.315657	 0.551244	 0.217290	 -1.844386	 4.609242	 2.163973
 1.313813	 0.555854	 0.219454	 -1.861675	 4.601998	 2.161117
 1.311951	 0.560456	 0.221615	 -1.878924	 4.594700	 2.158236
 1.310073	 0.565050	 0.223773	 -1.896135	 4.587348	 2.155329
 1.308176	 0.569638	 0.225928	 -1.913306	 4.579942	 2.152396
 1.306263	 0.574218	 0.228081	 -1.930437	 4.572482	 2.149437
 1.304333	 0.578790	 0.230230	 -1.947528	 4.564969	 2.146453
 1.302385	 0.583355	 0.232377	 -1.964579	 4.557403	 2.143443
 1.300421	 0.587912	 0.234520	 -1.981590	 4.549783	 2.140408
 1.298439	 0.592462	 0.236660	 -1.998560	 4.542111	 2.137348
 1.296440	 0.597004	 0.238798	 -2.015489	 4.534387	 2.134262
 1.294425	 0.601539	 0.240932	 -2.032378	 4.526610	 2.131151
 1.292392	 0.606065	 0.243063	 -2.049225	 4.518780	 2.128015
 1.290343	 0.610584	 0.245191	 -2.066031	 4.510899	 2.124855
 1.288277	 0.615095	 0.247316	 -2.082795	 4.502967	 2.121669
 1.286194	 0.619598	 0.249438	 -2.099517	 4.494983	 2.118459
 1.284095	 0.624093	 0.251556	 -2.116198	 4.486947	 2.115224
 1.281979	 0.628580	 0.253671	 -2.132836	 4.478861	 2.111965
 1.279846	 0.633059	 0.255783	 -2.149432	 4.470723	 2.108681
 1.277696	 0.637529	 0.257892	 -2.165985	 4.462535	 2.105372
 1.275530	 0.641992	 0.259997	 -2.182496	 4.454297	 2.102040
 1.273348	 0.646446	 0.262099	 -2.198964	 4.446008	 2.098683
 1.271149	 0.650892	 0.264198	 -2.215389	 4.437670	 2.095302
 1.268934	 0.655330	 0.266293	 -2.231770	 4.429282	 2.091898
 1.266702	 0.659759	 0.268385	 -2.248108	 4.420844	 2.088469
 1.264454	 0.664180	 0.270474	 -2.264403	 4.412357	 2.085016
 1.262189	 0.668592	 0.272559	 -2.280653	 4.403821	 2.081540
 1.259909	 0.672996	 0.274640	 -2.296860	 4.395236	 2.078041
 1.257612	 0.677392	 0.276718	 -2.313023	 4.386603	 2.074517
 1.255299	 0.681778	 0.278793	 -2.329141	 4.377921	 2.070971
 1.252970	 0.686156	 0.280864	 -2.345215	 4.369191	 2.067401
 1.250624	 0.690525	 0.282931	 -2.361244	 4.360413	 2.063808
 1.248263	 0.694886	 0.284995	 -2.377228	 4.351587	 2.060192
 1.245886	 0.699237	 0.287055	 -2.393168	 4.342714	 2.056553
 1.243493	 0.703580	 0.289112	 -2.409062	 4.333794	 2.052890
 1.241084	 0.707914	 0.291165	 -2.424911	 4.324826	 2.049206
 1.238659	 0.712239	 0.293214	 -2.440714	 4.315812	 2.045498
 1.236218	 0.716554	 0.295259	 -2.456472	 4.306751	 2.041768
 1.233762	 0.720861	 0.297301	 -2.472184	 4.297644	 2.038015
 1.231289	 0.725159	 0.299339	 -2.487850	 4.288491	 2.034240
 1.228802	 0.729447	 0.301373	 -2.503470	 4.279291	 2.030443
 1.226298	 0.733727	 0.303404	 -2.519044	 4.270046	 2.026623
 1.223779	 0.737997	 0.305431	 -2.534572	 4.260756	 2.022781
 1.221245	 0.742257	 0.307453	 -2.550052	 4.251420	 2.018918
 1.218694	 0.746509	 0.309472	 -2.565487	 4.242039	 2.015032
 1.216129	 0.750751	 0.311487	 -2.580874	 4.232614	 2.011125
 1.213548	 0.754983	 0.313498	 -2.596214	 4.223144	 2.007196
 1.210952	 0.759207	 0.315506	 -2.611507	 4.213630	 2.003245
 1.208340	 0.763420	 0.317509	 -2.626753	 4.204071	 1.999273
 1.205714	 0.767624	 0.319508	 -2.641952	 4.194469	 1.995279
 1.203072	 0.771819	 0.321503	 -2.657103	 4.184823	 1.991264
 1.200415	 0.776004	 0.323495	 -2.672206	 4.175134	 1.987228
 1.197742	 0.780179	 0.325482	 -2.687261	 4.165401	 1.983171
 1.195055	 0.784344	 0.327465	 -2.702269	 4.155626	 1.979093
 1.192353	 0.788500	 0.329444	 -2.717228	 4.145808	 1.974993
 1.189636	 0.792646	 0.331419	 -2.732139	 4.135947	 1.970874
 1.186903	 0.796782	 0.333390	 -2.747002	 4.126044	 1.966733
 1.184156	 0.800908	 0.335357	 -2.761816	 4.116099	 1.962572
 1.181395	 0.805024	 0.337319	 -2.776582	 4.106112	 1.958390
 1.178618	 0.809130	 0.339278	 -2.791299	 4.096084	 1.954188
 1.175827	 0.813226	 0.341232	 -2.805967	 4.086014	 1.949966
 1.173021	 0.817312	 0.343182	 -2.820586	 4.075903	 1.945723
 1.170200	 0.821388	 0.345128	 -2.835156	 4.065752	 1.941461
 1.167365	 0.825454	 0.347069	 -2.849676	 4.055559	 1.937178
 1.164515	 0.829509	 0.349006	 -2.864148	 4.045326	 1.932875
 1.161651	 0.833554	 0.350939	 -2.878570	 4.035053	 1.928553
 1.158773	 0.837589	 0.352868	 -2.892942	 4.024740	 1.924211
 1.155880	 0.841614	 0.354792	 -2.907264	 4.014388	 1.919850
 1.152972	 0.845629	 0.356712	 -2.921537	 4.003996	 1.915469
 1.150051	 0.849633	 0.358627	 -2.935760	 3.993564	 1.911069
 1.147115	 0.853626	 0.360538	 -2.949933	 3.983093	 1.906649
 1.144165	 0.857609	 0.362445	 -2.964055	 3.972584	 1.902210
 1.141201	 0.861582	 0.364347	 -2.978128	 3.962036	 1.897752
 1.138223	 0.865544	 0.366245	 -2.992150	 3.951450	 1.893276
 1.135231	 0.869495	 0.368138	 -3.006121	 3.940825	 1.888780
 1.132225	 0.873436	 0.370027	 -3.020042	 3.930163	 1.884266
 1.129205	 0.877366	 0.371911	 -3.033913	 3.919463	 1.879733
 1.126171	 0.881286	 0.373791	 -3.047732	 3.908726	 1.875181
 1.123123	 0.885194	 0.375666	 -3.061501	 3.897951	 1.870611
 1.120062	 0.889092	 0.377537	 -3.075219	 3.887139	 1.866023
 1.116986	 0.892980	 0.379403	 -3.088885	 3.876291	 1.861416
 1.113897	 0.896856	 0.381264	 -3.102501	 3.865406	 1.856791
 1.110795	 0.900721	 0.383121	 -3.116065	 3.854484	 1.852149
 1.107679	 0.904576	 0.384973	 -3.129578	 3.843527	 1.847488
 1.104549	 0.908419	 0.386821	 -3.143039	 3.832534	 1.842809
 1.101406	 0.912252	 0.388663	 -3.156449	 3.821505	 1.838113
 1.098250	 0.916073	 0.390502	 -3.169808	 3.810441	 1.833399
 1.095080	 0.919884	 0.392335	 -3.183114	 3.799342	 1.828668
 1.091897	 0.923683	 0.394164	 -3.196369	 3.788207	 1.823919
 1.088701	 0.927471	 0.395988	 -3.209572	 3.777038	 1.819153
 1.085491	 0.931248	 0.397807	 -3.222723	 3.765835	 1.814370
 1.082268	 0.935014	 0.399621	 -3.235822	 3.754597	 1.809569
 1.079032	 0.938769	 0.401431	 -3.248869	 3.743325	 1.804752
 1.075784	 0.942512	 0.403235	 -3.261864	 3.732020	 1.799917
 1.072522	 0.946244	 0.405035	 -3.274806	 3.720681	 1.795066
 1.069247	 0.949965	 0.406830	 -3.287696	 3.709308	 1.790198
 1.065959	 0.953674	 0.408621	 -3.300534	 3.697903	 1.785314
 1.062659	 0.957372	 0.410406	 -3.313319	 3.686464	 1.780413
 1.059345	 0.961058	 0.412186	 -3.326052	 3.674993	 1.775495
 1.056019	 0.964733	 0.413962	 -3.338732	 3.663490	 1.770561
 1.052681	 0.968397	 0.415732	 -3.351359	 3.651954	 1.765612
 1.049329	 0.972049	 0.417498	 -3.363934	 3.640386	 1.760646
 1.045965	 0.975689	 0.419259	 -3.376455	 3.628787	 1.755664
 1.042589	 0.979318	 0.421014	 -3.388924	 3.617156	 1.750666
 1.039200	 0.982935	 0.422765	 -3.401340	 3.605494	 1.745652
 1.035799	 0.986541	 0.424511	 -3.413702	 3.593800	 1.740623
 1.032385	 0.990135	 0.426251	 -3.426012	 3.582076	 1.735578
 1.028959	 0.993717	 0.427987	 -3.438268	 3.570321	 1.730517
 1.025521	 0.997287	 0.429717	 -3.450472	 3.558536	 1.725441
 1.022070	 1.000845	 0.431443	 -3.462622	 3.546721	 1.720350
 1.018607	 1.004392	 0.433163	 -3.474718	 3.534875	 1.715244
 1.015133	 1.007927	 0.434878	 -3.486761	 3.523000	 1.710123
 1.011646	 1.011450	 0.436588	 -3.498751	 3.511095	 1.704986
 1.008147	 1.014961	 0.438293	 -3.510688	 3.499161	 1.699835
 1.004637	 1.018460	 0.439993	 -3.522570	 3.487198	 1.694669
 1.001114	 1.021948	 0.441688	 -3.534399	 3.475206	 1.689488
 0.997580	 1.025423	 0.443377	 -3.546175	 3.463186	 1.684293
 0.994033	 1.028886	 0.445062	 -3.557897	 3.451137	 1.679083
 0.990476	 1.032337	 0.446741	 -3.569565	 3.439060	 1.673859
 0.986906	 1.035776	 0.448415	 -3.581179	 3.426955	 1.668620
 0.983325	 1.039203	 0.450083	 -3.592739	 3.414822	 1.663368
 0.979732	 1.042618	 0.451747	 -3.604246	 3.402661	 1.658101
 0.976128	 1.046021	 0.453405	 -3.615698	 3.390474	 1.652820
 0.972512	 1.049411	 0.455058	 -3.627097	 3.378259	 1.647526
 0.968885	 1.052789	 0.456705	 -3.638442	 3.366017	 1.642217
 0.965247	 1.056155	 0.458347	 -3.649732	 3.353749	 1.636895
 0.961597	 1.059509	 0.459984	 -3.660969	 3.341454	 1.631560
 0.957936	 1.062851	 0.461616	 -3.672151	 3.329133	 1.626211
 0.954264	 1.066180	 0.463242	 -3.683279	 3.316786	 1.620848
 0.950580	 1.069496	 0.464863	 -3.694353	 3.304414	 1.615472
 0.946886	 1.072801	 0.466478	 -3.705373	 3.292015	 1.610083
 0.943181	 1.076093	 0.468088	 -3.716338	 3.279592	 1.604681
 0.939464	 1.079372	 0.469693	 -3.727249	 3.267143	 1.599266
 0.935737	 1.082640	 0.471292	 -3.738106	 3.254669	 1.593838
 0.931999	 1.085894	 0.472886	 -3.748909	 3.242171	 1.588398
 0.928250	 1.089136	 0.474475	 -3.759657	 3.229648	 1.582944
 0.924490	 1.092366	 0.476057	 -3.770351	 3.217101	 1.577478
 0.920720	 1.095583	 0.477635	 -3.780990	 3.204530	 1.571999
 0.916939	 1.098788	 0.479207	 -3.791575	 3.191935	 1.566508
 0.913148	 1.101980	 0.480773	 -3.802105	 3.179316	 1.561005
 0.909345	 1.105159	 0.482334	 -3.812581	 3.166674	 1.555490
 0.905533	 1.108326	 0.483890	 -3.823002	 3.154009	 1.549962
 0.901710	 1.111480	 0.485440	 -3.833369	 3.141320	 1.544422
 0.897876	 1.114621	 0.486984	 -3.843681	 3.128609	 1.538871
 0.894033	 1.117750	 0.488523	 -3.853938	 3.115876	 1.533307
 0.890179	 1.120865	 0.490057	 -3.864141	 3.103120	 1.527732
 0.886315	 1.123969	 0.491584	 -3.874290	 3.090341	 1.522145
 0.882440	 1.127059	 0.493106	 -3.884383	 3.077541	 1.516547
 0.878556	 1.130136	 0.494623	 -3.894422	 3.064719	 1.510937
 0.874662	 1.133201	 0.496134	 -3.904406	 3.051876	 1.505316
 0.870757	 1.136253	 0.497639	 -3.914336	 3.039011	 1.499684
 0.866843	 1.139292	 0.499139	 -3.924211	 3.026125	 1.494040
 0.862919	 1.142318	 0.500633	 -3.934031	 3.013219	 1.488386
 0.858985	 1.145331	 0.502121	 -3.943797	 3.000291	 1.482720
 0.855041	 1.148332	 0.503604	 -3.953508	 2.987343	 1.477044
 0.851087	 1.151319	 0.505081	 -3.963164	 2.974375	 1.471356
 0.847124	 1.154293	 0.506552	 -3.972765	 2.961387	 1.465658
 0.843151	 1.157255	 0.508018	 -3.982311	 2.948379	 1.459950
 0.839169	 1.160203	 0.509478	 -3.991803	 2.935351	 1.454231
 0.835177	 1.163139	 0.510932	 -4.001240	 2.922304	 1.448501
 0.831176	 1.166061	 0.512381	 -4.010622	 2.909237	 1.442762
 0.827165	 1.168970	 0.513824	 -4.019950	 2.896152	 1.437012
 0.823145	 1.171866	 0.515261	 -4.029223	 2.883047	 1.431252
 0.819116	 1.174749	 0.516692	 -4.038441	 2.869924	 1.425482
 0.815078	 1.177619	 0.518117	 -4.047604	 2.856783	 1.419702
 0.811030	 1.180476	 0.519537	 -4.056712	 2.843623	 1.413912
 0.806973	 1.183320	 0.520951	 -4.065766	 2.830445	 1.408112
 0.802908	 1.186150	 0.522359	 -4.074765	 2.817249	 1.402303
 0.798833	 1.188967	 0.523761	 -4.083709	 2.804036	 1.396484
 0.794749	 1.191771	 0.525158	 -4.092598	 2.790805	 1.390655
 0.790657	 1.194562	 0.526548	 -4.101433	 2.777557	 1.384817
 0.786555	 1.197340	 0.527933	 -4.110213	 2.764292	 1.378970
 0.782445	 1.200104	 0.529312	 -4.118938	 2.751010	 1.373114
 0.778326	 1.202855	 0.530685	 -4.127609	 2.737711	 1.367249
 0.774198	 1.205593	 0.532053	 -4.136224	 2.724396	 1.361374
 0.770062	 1.208317	 0.533414	 -4.144785	 2.711065	 1.355491
 0.765917	 1.211028	 0.534769	 -4.153292	 2.697717	 1.349599
 0.761764	 1.213726	 0.536119	 -4.161743	 2.684354	 1.343698
 0.757602	 1.216410	 0.537463	 -4.170140	 2.670975	 1.337788
 0.753432	 1.219081	 0.538801	 -4.178483	 2.657581	 1.331870
 0.749254	 1.221739	 0.540132	 -4.186770	 2.644171	 1.325943
 0.745067	 1.224383	 0.541458	 -4.195003	 2.630746	 1.320008
 0.740872	 1.227014	 0.542778	 -4.203182	 2.617306	 1.314064
 0.736669	 1.229631	 0.544092	 -4.211306	 2.603852	 1.308113
 0.732458	 1.232235	 0.545401	 -4.219375	 2.590383	 1.302153
 0.728238	 1.234825	 0.546703	 -4.227390	 2.576899	 1.296185
 0.724011	 1.237402	 0.547999	 -4.235350	 2.563402	 1.290209
 0.719775	 1.239966	 0.549289	 -4.243255	 2.549890	 1.284225
 0.715532	 1.242515	 0.550573	 -4.251106	 2.536365	 1.278234
 0.711281	 1.245052	 0.551852	 -4.258903	 2.522826	 1.272235
 0.707022	 1.247575	 0.553124	 -4.266645	 2.509274	 1.266228
 0.702756	 1.250084	 0.554390	 -4.274333	 2.495709	 1.260213
 0.698481	 1.252580	 0.555650	 -4.281966	 2.482130	 1.254192
 0.694199	 1.255062	 0.556904	 -4.289545	 2.468539	 1.248162
 0.689910	 1.257530	 0.558153	 -4.297070	 2.454935	 1.242126
 0.685613	 1.259985	 0.559395	 -4.304540	 2.441319	 1.236082
 0.681308	 1.262427	 0.560631	 -4.311956	 2.427690	 1.230032
 0.676996	 1.264854	 0.561861	 -4.319318	 2.414050	 1.223974
 0.672677	 1.267268	 0.563085	 -4.326625	 2.400397	 1.217909
 0.668350	 1.269669	 0.564303	 -4.333878	 2.386733	 1.211838
 0.664016	 1.272055	 0.565515	 -4.341077	 2.373057	 1.205760
 0.659675	 1.274428	 0.566720	 -4.348222	 2.359370	 1.199675
 0.655327	 1.276788	 0.567920	 -4.355312	 2.345671	 1.193583
 0.650972	 1.279134	 0.569114	 -4.362349	 2.331962	 1.187485
 0.646609	 1.281465	 0.570301	 -4.369331	 2.318242	 1.181381
 0.642240	 1.283784	 0.571482	 -4.376260	 2.304511	 1.175270
 0.637864	 1.286088	 0.572658	 -4.383134	 2.290770	 1.169153
 0.633481	 1.288379	 0.573827	 -4.389955	 2.277018	 1.163030
 0.629091	 1.290656	 0.574990	 -4.396721	 2.263256	 1.156901
 0.624694	 1.292919	 0.576147	 -4.403434	 2.249485	 1.150766
 0.620290	 1.295169	 0.577298	 -4.410092	 2.235703	 1.144624
 0.615880	 1.297404	 0.578442	 -4.416697	 2.221912	 1.138477
 0.611464	 1.299626	 0.579581	 -4.423248	 2.208112	 1.132324
 0.607040	 1.301835	 0.580713	 -4.429745	 2.194303	 1.126166
 0.602611	 1.304029	 0.581839	 -4.436189	 2.180484	 1.120002
 0.598174	 1.306209	 0.582959	 -4.442579	 2.166657	 1.113832
 0.593732	 1.308376	 0.584073	 -4.448915	 2.152820	 1.107657
 0.589283	 1.310529	 0.585181	 -4.455198	 2.138976	 1.101477
 0.584828	 1.312668	 0.586282	 -4.461427	 2.125123	 1.095291
 0.580366	 1.314793	 0.587377	 -4.467602	 2.111262	 1.089100
 0.575899	 1.316904	 0.588467	 -4.473724	 2.097392	 1.082904
 0.571425	 1.319002	 0.589549	 -4.479793	 2.083515	 1.076703
 0.566945	 1.321085	 0.590626	 -4.485808	 2.069631	 1.070497
 0.562459	 1.323155	 0.591697	 -4.491770	 2.055738	 1.064286
 0.557968	 1.325210	 0.592761	 -4.497678	 2.041839	 1.058071
 0.553470	 1.327252	 0.593819	 -4.503534	 2.027932	 1.051850
 0.548966	 1.329280	 0.594871	 -4.509336	 2.014018	 1.045625
 0.544457	 1.331294	 0.595916	 -4.515085	 2.000098	 1.039396
 0.539942	 1.333294	 0.596956	 -4.520780	 1.986171	 1.033161
 0.535421	 1.335280	 0.597989	 -4.526423	 1.972237	 1.026923
 0.530895	 1.337253	 0.599016	 -4.532013	 1.958297	 1.020680
 0.526363	 1.339211	 0.600037	 -4.537550	 1.944351	 1.014433
 0.521825	 1.341155	 0.601051	 -4.543033	 1.930399	 1.008182
 0.517282	 1.343086	 0.602059	 -4.548464	 1.916441	 1.001926
 0.512734	 1.345002	 0.603061	 -4.553842	 1.902477	 0.995667
 0.508180	 1.346905	 0.604057	 -4.559167	 1.888508	 0.989403
 0.503621	 1.348793	 0.605046	 -4.564440	 1.874533	 0.983136
 0.499056	 1.350668	 0.606029	 -4.569660	 1.860554	 0.976865
 0.494487	 1.352528	 0.607006	 -4.574827	 1.846569	 0.970590
 0.489912	 1.354375	 0.607977	 -4.579942	 1.832579	 0.964312
 0.485332	 1.356207	 0.608941	 -4.585004	 1.818585	 0.958030
 0.480747	 1.358026	 0.609899	 -4.590013	 1.804586	 0.951744
 0.476157	 1.359831	 0.610851	 -4.594971	 1.790583	 0.945455
 0.471562	 1.361621	 0.611796	 -4.599875	 1.776575	 0.939163
 0.466962	 1.363398	 0.612736	 -4.604728	 1.762564	 0.932867
 0.462357	 1.365160	 0.613668	 -4.609528	 1.748548	 0.926569
 0.457748	 1.366909	 0.614595	 -4.614276	 1.734529	 0.920267
 0.453134	 1.368643	 0.615515	 -4.618972	 1.720506	 0.913962
 0.448515	 1.370364	 0.616429	 -4.623616	 1.706480	 0.907654
 0.443891	 1.372070	 0.617337	 -4.628208	 1.692450	 0.901343
 0.439263	 1.373763	 0.618238	 -4.632748	 1.678418	 0.895029
 0.434630	 1.375441	 0.619133	 -4.637236	 1.664382	 0.888712
 0.429993	 1.377106	 0.620022	 -4.641672	 1.650343	 0.882393
 0.425351	 1.378756	 0.620904	 -4.646056	 1.636302	 0.876071
 0.420705	 1.380392	 0.621780	 -4.650389	 1.622258	 0.869747
 0.416055	 1.382015	 0.622650	 -4.654670	 1.608212	 0.863420
 0.411400	 1.383623	 0.623514	 -4.658899	 1.594164	 0.857091
 0.406741	 1.385217	 0.624371	 -4.663077	 1.580113	 0.850759
 0.402078	 1.386797	 0.625221	 -4.667203	 1.566061	 0.844425
 0.397411	 1.388363	 0.626066	 -4.671278	 1.552007	 0.838089
 0.392739	 1.389915	 0.626904	 -4.675301	 1.537951	 0.831751
 0.388064	 1.391453	 0.627736	 -4.679273	 1.523893	 0.825410
 0.383385	 1.392977	 0.628561	 -4.683194	 1.509835	 0.819068
 0.378702	 1.394487	 0.629380	 -4.687063	 1.495775	 0.812723
 0.374015	 1.395983	 0.630193	 -4.690882	 1.481714	 0.806377
 0.369324	 1.397464	 0.630999	 -4.694649	 1.467652	 0.800029
 0.364629	 1.398932	 0.631799	 -4.698366	 1.453590	 0.793680
 0.359931	 1.400385	 0.632593	 -4.702032	 1.439526	 0.787328
 0.355229	 1.401825	 0.633380	 -4.705646	 1.425463	 0.780975
 0.350523	 1.403250	 0.634161	 -4.709210	 1.411399	 0.774621
 0.345814	 1.404662	 0.634936	 -4.712723	 1.397335	 0.768265
 0.341101	 1.406059	 0.635704	 -4.716186	 1.383270	 0.761908
 0.336385	 1.407442	 0.636466	 -4.719598	 1.369206	 0.755549
 0.331665	 1.408812	 0.637222	 -4.722959	 1.355142	 0.749189
 0.326942	 1.410167	 0.637971	 -4.726270	 1.341079	 0.742828
 0.322216	 1.411508	 0.638714	 -4.729530	 1.327016	 0.736466
 0.317487	 1.412835	 0.639450	 -4.732740	 1.312954	 0.730103
 0.312754	 1.414148	 0.640180	 -4.735900	 1.298892	 0.723738
 0.308018	 1.415447	 0.640904	 -4.739010	 1.284832	 0.717373
 0.303279	 1.416732	 0.641621	 -4.742069	 1.270772	 0.711007
 0.298537	 1.418002	 0.642332	 -4.745079	 1.256714	 0.704640
 0.293792	 1.419259	 0.643037	 -4.748038	 1.242657	 0.698273
 0.289044	 1.420502	 0.643735	 -4.750948	 1.228601	 0.691904
 0.284293	 1.421730	 0.644427	 -4.753807	 1.214547	 0.685536
 0.279539	 1.422945	 0.645113	 -4.756617	 1.200495	 0.679166
 0.274782	 1.424145	 0.645792	 -4.759378	 1.186445	 0.672796
 0.270023	 1.425332	 0.646465	 -4.762088	 1.172397	 0.666426
 0.265261	 1.426504	 0.647131	 -4.764749	 1.158351	 0.660055
 0.260496	 1.427663	 0.647791	 -4.767360	 1.144307	 0.653684
 0.255729	 1.428807	 0.648445	 -4.769923	 1.130266	 0.647313
 0.250959	 1.429937	 0.649092	 -4.772435	 1.116227	 0.640942
 0.246186	 1.431053	 0.649733	 -4.774899	 1.102191	 0.634570
 0.241412	 1.432156	 0.650368	 -4.777313	 1.088157	 0.628199
 0.236634	 1.433244	 0.650996	 -4.779678	 1.074127	 0.621828
 0.231855	 1.434318	 0.651618	 -4.781994	 1.060100	 0.615456
 0.227073	 1.435378	 0.652233	 -4.784261	 1.046075	 0.609085
 0.222288	 1.436424	 0.652842	 -4.786479	 1.032055	 0.602714
 0.217502	 1.437456	 0.653445	 -4.788648	 1.018037	 0.596343
 0.212713	 1.438474	 0.654041	 -4.790768	 1.004023	 0.589973
 0.207922	 1.439478	 0.654631	 -4.792840	 0.990013	 0.583603
 0.203130	 1.440468	 0.655215	 -4.794863	 0.976007	 0.577233
 0.198335	 1.441444	 0.655792	 -4.796838	 0.962005	 0.570864
 0.193538	 1.442406	 0.656363	 -4.798764	 0.948007	 0.564495
 0.188739	 1.443354	 0.656927	 -4.800642	 0.934013	 0.558127
 0.183938	 1.444288	 0.657486	 -4.802471	 0.920023	 0.551760
 0.179136	 1.445208	 0.658037	 -4.804252	 0.906038	 0.545394
 0.174332	 1.446114	 0.658583	 -4.805985	 0.892057	 0.539028
 0.169526	 1.447006	 0.659122	 -4.807670	 0.878081	 0.532663
 0.164718	 1.447884	 0.659654	 -4.809307	 0.864110	 0.526299
 0.159909	 1.448749	 0.660181	 -4.810895	 0.850144	 0.519936
 0.155098	 1.449599	 0.660701	 -4.812436	 0.836183	 0.513574
 0.150285	 1.450435	 0.661214	 -4.813930	 0.822227	 0.507213
 0.145472	 1.451257	 0.661721	 -4.815375	 0.808276	 0.500853
 0.140656	 1.452065	 0.662222	 -4.816773	 0.794331	 0.494495
 0.135839	 1.452860	 0.662717	 -4.818123	 0.780391	 0.488138
 0.131021	 1.453640	 0.663205	 -4.819426	 0.766457	 0.481782
 0.126202	 1.454407	 0.663687	 -4.820681	 0.752529	 0.475427
 0.121381	 1.455159	 0.664162	 -4.821890	 0.738606	 0.469074
 0.116559	 1.455898	 0.664631	 -4.823050	 0.724690	 0.462722
 0.111736	 1.456622	 0.665094	 -4.824164	 0.710780	 0.456372
 0.106912	 1.457333	 0.665550	 -4.825231	 0.696876	 0.450023
 0.102087	 1.458030	 0.666000	 -4.826250	 0.682978	 0.443677
 0.097261	 1.458713	 0.666444	 -4.827223	 0.669087	 0.437331
