 -0.629998	 0.694792	 0.301220	 -4.933038	 -3.708702	 -1.607866
 -0.625065	 0.698501	 0.302828	 -4.959057	 -3.680006	 -1.595426
 -0.620106	 0.702181	 0.304423	 -4.984875	 -3.651156	 -1.582918
 -0.615121	 0.705832	 0.306006	 -5.010489	 -3.622150	 -1.570343
 -0.610111	 0.709454	 0.307577	 -5.035900	 -3.592992	 -1.557702
 -0.605075	 0.713047	 0.309134	 -5.061106	 -3.563682	 -1.544995
 -0.600014	 0.716611	 0.310679	 -5.086106	 -3.534222	 -1.532222
 -0.594928	 0.720145	 0.312212	 -5.110898	 -3.504612	 -1.519385
 -0.589817	 0.723650	 0.313731	 -5.135482	 -3.474853	 -1.506484
 -0.584681	 0.727124	 0.315237	 -5.159856	 -3.444948	 -1.493519
 -0.579522	 0.730569	 0.316731	 -5.184020	 -3.414898	 -1.480491
 -0.574338	 0.733984	 0.318211	 -5.207972	 -3.384703	 -1.467400
 -0.569130	 0.737369	 0.319679	 -5.231711	 -3.354365	 -1.454247
 -0.563898	 0.740723	 0.321133	 -5.255237	 -3.323885	 -1.441033
 -0.558643	 0.744047	 0.322574	 -5.278547	 -3.293265	 -1.427758
 -0.553364	 0.747340	 0.324002	 -5.301642	 -3.262506	 -1.414423
 -0.548062	 0.750603	 0.325416	 -5.324519	 -3.231609	 -1.401028
 -0.542738	 0.753835	 0.326817	 -5.347179	 -3.200575	 -1.387573
 -0.537391	 0.757035	 0.328205	 -5.369619	 -3.169406	 -1.374061
 -0.532021	 0.760205	 0.329579	 -5.391840	 -3.138104	 -1.360490
 -0.526629	 0.763343	 0.330939	 -5.413840	 -3.106669	 -1.346861
 -0.521215	 0.766449	 0.332286	 -5.435617	 -3.075102	 -1.333176
 -0.515780	 0.769524	 0.333619	 -5.457172	 -3.043406	 -1.319435
 -0.510323	 0.772568	 0.334939	 -5.478502	 -3.011582	 -1.305637
 -0.504844	 0.775579	 0.336245	 -5.499608	 -2.979630	 -1.291785
 -0.499345	 0.778559	 0.337536	 -5.520488	 -2.947553	 -1.277878
 -0.493824	 0.781507	 0.338814	 -5.541141	 -2.915352	 -1.263918
 -0.488283	 0.784422	 0.340078	 -5.561566	 -2.883027	 -1.249904
 -0.482721	 0.787305	 0.341328	 -5.581763	 -2.850581	 -1.235837
 -0.477140	 0.790156	 0.342564	 -5.601730	 -2.818015	 -1.221718
 -0.471538	 0.792974	 0.343786	 -5.621467	 -2.785330	 -1.207548
 -0.465916	 0.795759	 0.344993	 -5.640973	 -2.752528	 -1.193327
 -0.460275	 0.798511	 0.346186	 -5.660246	 -2.719610	 -1.179056
 -0.454615	 0.801231	 0.347365	 -5.679287	 -2.686578	 -1.164735
 -0.448936	 0.803918	 0.348530	 -5.698093	 -2.653432	 -1.150365
 -0.443238	 0.806571	 0.349681	 -5.716665	 -2.620175	 -1.135947
 -0.437521	 0.809191	 0.350817	 -5.735002	 -2.586808	 -1.121481
 -0.431786	 0.811778	 0.351938	 -5.753102	 -2.553332	 -1.106968
 -0.426033	 0.814331	 0.353045	 -5.770965	 -2.519749	 -1.092408
 -0.420262	 0.816851	 0.354137	 -5.788590	 -2.486060	 -1.077803
 -0.414473	 0.819337	 0.355215	 -5.805976	 -2.452267	 -1.063152
 -0.408667	 0.821789	 0.356278	 -5.823123	 -2.418371	 -1.048457
 -0.402844	 0.824208	 0.357327	 -5.840029	 -2.384374	 -1.033718
 -0.397004	 0.826592	 0.358361	 -5.856695	 -2.350276	 -1.018935
 -0.391148	 0.828942	 0.359379	 -5.873119	 -2.316081	 -1.004110
 -0.385275	 0.831259	 0.360384	 -5.889300	 -2.281788	 -0.989243
 -0.379385	 0.833540	 0.361373	 -5.905238	 -2.247400	 -0.974334
 -0.373480	 0.835788	 0.362347	 -5.920933	 -2.212918	 -0.959385
 -0.367559	 0.838001	 0.363307	 -5.936382	 -2.178344	 -0.944396
 -0.361623	 0.840179	 0.364251	 -5.951587	 -2.143679	 -0.929367
 -0.355671	 0.842323	 0.365180	 -5.966546	 -2.108925	 -0.914300
 -0.349705	 0.844432	 0.366095	 -5.981258	 -2.074082	 -0.899194
 -0.343723	 0.846506	 0.366994	 -5.995723	 -2.039154	 -0.884051
 -0.337728	 0.848545	 0.367878	 -6.009940	 -2.004141	 -0.868872
 -0.331718	 0.850549	 0.368747	 -6.023909	 -1.969044	 -0.853656
 -0.325694	 0.852518	 0.369600	 -6.037628	 -1.933866	 -0.838405
 -0.319656	 0.854452	 0.370439	 -6.051099	 -1.898607	 -0.823119
 -0.313605	 0.856351	 0.371262	 -6.064318	 -1.863270	 -0.807799
 -0.307541	 0.858214	 0.372070	 -6.077287	 -1.827856	 -0.792445
 -0.301463	 0.860042	 0.372862	 -6.090005	 -1.792366	 -0.777059
 -0.295373	 0.861834	 0.373639	 -6.102471	 -1.756803	 -0.761641
 -0.289271	 0.863591	 0.374401	 -6.114684	 -1.721167	 -0.746191
 -0.283156	 0.865312	 0.375147	 -6.126645	 -1.685460	 -0.730711
 -0.277030	 0.866997	 0.375878	 -6.138352	 -1.649684	 -0.715201
 -0.270891	 0.868647	 0.376593	 -6.149805	 -1.613841	 -0.699661
 -0.264741	 0.870261	 0.377293	 -6.161003	 -1.577931	 -0.684093
 -0.258580	 0.871839	 0.377977	 -6.171947	 -1.541957	 -0.668497
 -0.252408	 0.873381	 0.378645	 -6.182635	 -1.505920	 -0.652873
 -0.246226	 0.874887	 0.379298	 -6.193068	 -1.469821	 -0.637223
 -0.240033	 0.876357	 0.379935	 -6.203244	 -1.433663	 -0.621547
 -0.233830	 0.877790	 0.380557	 -6.213164	 -1.397447	 -0.605846
 -0.227616	 0.879188	 0.381163	 -6.222826	 -1.361174	 -0.590120
 -0.221394	 0.880549	 0.381753	 -6.232231	 -1.324846	 -0.574370
 -0.215161	 0.881874	 0.382327	 -6.241378	 -1.288465	 -0.558598
 -0.208920	 0.883162	 0.382886	 -6.250267	 -1.252032	 -0.542803
 -0.202670	 0.884414	 0.383429	 -6.258898	 -1.215548	 -0.526986
 -0.196411	 0.885630	 0.383956	 -6.267269	 -1.179017	 -0.511148
 -0.190143	 0.886809	 0.384467	 -6.275382	 -1.142438	 -0.495289
 -0.183868	 0.887951	 0.384962	 -6.283234	 -1.105814	 -0.479412
 -0.177585	 0.889057	 0.385441	 -6.290827	 -1.069147	 -0.463515
 -0.171294	 0.890126	 0.385905	 -6.298159	 -1.032437	 -0.447600
 -0.164996	 0.891159	 0.386353	 -6.305232	 -0.995687	 -0.431667
 -0.158691	 0.892154	 0.386784	 -6.312043	 -0.958898	 -0.415718
 -0.152379	 0.893113	 0.387200	 -6.318593	 -0.922072	 -0.399752
 -0.146060	 0.894035	 0.387600	 -6.324883	 -0.885210	 -0.383771
 -0.139735	 0.894921	 0.387983	 -6.330910	 -0.848315	 -0.367775
 -0.133404	 0.895769	 0.388351	 -6.336676	 -0.811387	 -0.351766
 -0.127068	 0.896580	 0.388703	 -6.342180	 -0.774428	 -0.335742
 -0.120725	 0.897355	 0.389039	 -6.347422	 -0.737440	 -0.319707
 -0.114378	 0.898092	 0.389358	 -6.352402	 -0.700425	 -0.303659
 -0.108026	 0.898792	 0.389662	 -6.357120	 -0.663384	 -0.287601
 -0.101668	 0.899456	 0.389950	 -6.361575	 -0.626319	 -0.271531
 -0.095307	 0.900082	 0.390221	 -6.365767	 -0.589231	 -0.255452
 -0.088941	 0.900671	 0.390477	 -6.369696	 -0.552123	 -0.239364
 -0.082571	 0.901224	 0.390716	 -6.373362	 -0.514995	 -0.223268
 -0.076198	 0.901739	 0.390939	 -6.376766	 -0.477849	 -0.207164
 -0.069821	 0.902216	 0.391146	 -6.379906	 -0.440688	 -0.191053
 -0.063441	 0.902657	 0.391338	 -6.382783	 -0.403512	 -0.174936
 -0.057059	 0.903061	 0.391512	 -6.385397	 -0.366323	 -0.158813
 -0.050673	 0.903427	 0.391671	 -6.387747	 -0.329123	 -0.142685
 -0.044285	 0.903756	 0.391814	 -6.389834	 -0.291914	 -0.126554
 -0.037896	 0.904048	 0.391940	 -6.391658	 -0.254697	 -0.110419
 -0.031504	 0.904303	 0.392051	 -6.393218	 -0.217474	 -0.094281
 -0.025111	 0.904520	 0.392145	 -6.394515	 -0.180246	 -0.078141
 -0.018716	 0.904700	 0.392223	 -6.395549	 -0.143016	 -0.062000
 -0.012321	 0.904843	 0.392285	 -6.396319	 -0.105784	 -0.045859
 -0.005924	 0.904949	 0.392331	 -6.396826	 -0.068552	 -0.029718
 0.000473	 0.905018	 0.392361	 -6.397070	 -0.031323	 -0.013577
 0.006870	 0.905049	 0.392374	 -6.397050	 0.005903	 0.002562
 0.013267	 0.905043	 0.392372	 -6.396768	 0.043123	 0.018698
 0.019663	 0.905000	 0.392353	 -6.396222	 0.080337	 0.034832
 0.026060	 0.904920	 0.392318	 -6.395414	 0.117542	 0.050962
 0.032455	 0.904802	 0.392267	 -6.394343	 0.154737	 0.067087
 0.038849	 0.904647	 0.392200	 -6.393009	 0.191920	 0.083208
 0.045242	 0.904455	 0.392117	 -6.391413	 0.229090	 0.099322
 0.051634	 0.904226	 0.392018	 -6.389554	 0.266245	 0.115430
 0.058023	 0.903960	 0.391902	 -6.387433	 0.303383	 0.131531
 0.064411	 0.903657	 0.391771	 -6.385051	 0.340503	 0.147624
 0.070796	 0.903316	 0.391623	 -6.382406	 0.377602	 0.163708
 0.077178	 0.902939	 0.391460	 -6.379500	 0.414681	 0.179783
 0.083558	 0.902524	 0.391280	 -6.376333	 0.451736	 0.195848
 0.089934	 0.902072	 0.391084	 -6.372905	 0.488766	 0.211902
 0.096307	 0.901583	 0.390872	 -6.369216	 0.525770	 0.227945
 0.102676	 0.901058	 0.390644	 -6.365266	 0.562746	 0.243975
 0.109041	 0.900495	 0.390400	 -6.361056	 0.599693	 0.259993
 0.115403	 0.899895	 0.390140	 -6.356586	 0.636608	 0.275997
 0.121759	 0.899259	 0.389864	 -6.351856	 0.673490	 0.291987
 0.128111	 0.898585	 0.389572	 -6.346867	 0.710338	 0.307962
 0.134458	 0.897875	 0.389264	 -6.341618	 0.747150	 0.323922
 0.140799	 0.897128	 0.388940	 -6.336111	 0.783924	 0.339865
 0.147136	 0.896344	 0.388600	 -6.330346	 0.820659	 0.355791
 0.153466	 0.895523	 0.388245	 -6.324323	 0.857354	 0.371699
 0.159790	 0.894666	 0.387873	 -6.318042	 0.894006	 0.387589
 0.166108	 0.893772	 0.387485	 -6.311503	 0.930613	 0.403460
 0.172420	 0.892841	 0.387082	 -6.304708	 0.967176	 0.419312
 0.178724	 0.891874	 0.386662	 -6.297657	 1.003691	 0.435142
 0.185022	 0.890870	 0.386227	 -6.290349	 1.040158	 0.450952
 0.191313	 0.889830	 0.385776	 -6.282786	 1.076574	 0.466740
 0.197595	 0.888754	 0.385310	 -6.274967	 1.112938	 0.482505
 0.203870	 0.887641	 0.384827	 -6.266894	 1.149250	 0.498248
 0.210137	 0.886491	 0.384329	 -6.258567	 1.185506	 0.513966
 0.216396	 0.885306	 0.383815	 -6.249986	 1.221705	 0.529660
 0.222646	 0.884084	 0.383285	 -6.241152	 1.257847	 0.545329
 0.228887	 0.882826	 0.382740	 -6.232066	 1.293929	 0.560972
 0.235119	 0.881532	 0.382179	 -6.222727	 1.329949	 0.576588
 0.241342	 0.880202	 0.381602	 -6.213136	 1.365907	 0.592177
 0.247555	 0.878836	 0.381010	 -6.203294	 1.401801	 0.607739
 0.253758	 0.877435	 0.380402	 -6.193202	 1.437629	 0.623272
 0.259951	 0.875997	 0.379779	 -6.182860	 1.473390	 0.638775
 0.266134	 0.874524	 0.379140	 -6.172268	 1.509082	 0.654249
 0.272306	 0.873015	 0.378486	 -6.161428	 1.544704	 0.669693
 0.278468	 0.871470	 0.377816	 -6.150340	 1.580253	 0.685105
 0.284618	 0.869890	 0.377131	 -6.139003	 1.615730	 0.700485
 0.290757	 0.868274	 0.376431	 -6.127420	 1.651131	 0.715833
 0.296885	 0.866623	 0.375715	 -6.115591	 1.686456	 0.731148
 0.303000	 0.864936	 0.374984	 -6.103516	 1.721704	 0.746429
 0.309104	 0.863215	 0.374237	 -6.091196	 1.756872	 0.761676
 0.315195	 0.861458	 0.373476	 -6.078632	 1.791959	 0.776888
 0.321274	 0.859666	 0.372699	 -6.065824	 1.826964	 0.792064
 0.327339	 0.857839	 0.371907	 -6.052774	 1.861885	 0.807203
 0.333392	 0.855977	 0.371100	 -6.039481	 1.896721	 0.822306
 0.339432	 0.854080	 0.370277	 -6.025946	 1.931470	 0.837371
 0.345458	 0.852149	 0.369440	 -6.012171	 1.966131	 0.852398
 0.351470	 0.850183	 0.368588	 -5.998156	 2.000703	 0.867386
 0.357468	 0.848182	 0.367720	 -5.983902	 2.035183	 0.882335
 0.363452	 0.846147	 0.366838	 -5.969409	 2.069571	 0.897243
 0.369421	 0.844077	 0.365941	 -5.954678	 2.103865	 0.912111
 0.375376	 0.841973	 0.365029	 -5.939711	 2.138064	 0.926938
 0.381316	 0.839835	 0.364102	 -5.924507	 2.172166	 0.941722
 0.387240	 0.837663	 0.363160	 -5.909068	 2.206170	 0.956464
 0.393149	 0.835457	 0.362203	 -5.893395	 2.240074	 0.971163
 0.399043	 0.833217	 0.361232	 -5.877487	 2.273878	 0.985818
 0.404920	 0.830943	 0.360246	 -5.861347	 2.307579	 1.000429
 0.410781	 0.828635	 0.359246	 -5.844975	 2.341176	 1.014995
 0.416626	 0.826294	 0.358231	 -5.828372	 2.374668	 1.029515
 0.422455	 0.823920	 0.357201	 -5.811539	 2.408053	 1.043989
 0.428266	 0.821511	 0.356157	 -5.794476	 2.441331	 1.058416
 0.434061	 0.819070	 0.355099	 -5.777185	 2.474500	 1.072796
 0.439838	 0.816596	 0.354026	 -5.759666	 2.507558	 1.087128
 0.445598	 0.814088	 0.352939	 -5.741921	 2.540503	 1.101411
 0.451340	 0.811548	 0.351838	 -5.723949	 2.573336	 1.115645
 0.457063	 0.808974	 0.350722	 -5.705753	 2.606054	 1.129830
 0.462769	 0.806368	 0.349592	 -5.687334	 2.638656	 1.143964
 0.468457	 0.803730	 0.348448	 -5.668691	 2.671141	 1.158048
 0.474125	 0.801058	 0.347290	 -5.649826	 2.703508	 1.172080
 0.479775	 0.798355	 0.346118	 -5.630740	 2.735754	 1.186060
 0.485406	 0.795619	 0.344932	 -5.611434	 2.767879	 1.199987
 0.491017	 0.792851	 0.343732	 -5.591909	 2.799882	 1.213862
 0.496609	 0.790051	 0.342518	 -5.572166	 2.831761	 1.227683
 0.502181	 0.787220	 0.341291	 -5.552206	 2.863516	 1.241449
 0.507734	 0.784356	 0.340049	 -5.532030	 2.895143	 1.255161
 0.513266	 0.781461	 0.338794	 -5.511639	 2.926644	 1.268818
 0.518777	 0.778534	 0.337525	 -5.491035	 2.958015	 1.282419
 0.524268	 0.775576	 0.336243	 -5.470217	 2.989257	 1.295963
 0.529738	 0.772587	 0.334947	 -5.449187	 3.020367	 1.309451
 0.535188	 0.769567	 0.333637	 -5.427947	 3.051345	 1.322881
 0.540616	 0.766515	 0.332314	 -5.406496	 3.082189	 1.336253
 0.546022	 0.763433	 0.330978	 -5.384838	 3.112898	 1.349566
 0.551407	 0.760320	 0.329629	 -5.362971	 3.143471	 1.362821
 0.556770	 0.757177	 0.328266	 -5.340898	 3.173907	 1.376016
 0.562111	 0.754003	 0.326890	 -5.318620	 3.204204	 1.389151
 0.567429	 0.750799	 0.325501	 -5.296138	 3.234361	 1.402225
 0.572726	 0.747564	 0.324098	 -5.273452	 3.264378	 1.415239
 0.577999	 0.744300	 0.322683	 -5.250564	 3.294252	 1.428191
 0.583250	 0.741006	 0.321255	 -5.227476	 3.323984	 1.441080
 0.588477	 0.737682	 0.319814	 -5.204188	 3.353571	 1.453908
 0.593681	 0.734328	 0.318360	 -5.180701	 3.383013	 1.466672
 0.598862	 0.730945	 0.316893	 -5.157017	 3.412308	 1.479372
 0.604019	 0.727533	 0.315414	 -5.133137	 3.441455	 1.492009
 0.609152	 0.724091	 0.313922	 -5.109061	 3.470453	 1.504581
 0.614261	 0.720621	 0.312417	 -5.084792	 3.499302	 1.517088
 0.619346	 0.717122	 0.310900	 -5.060330	 3.528000	 1.529529
 0.624406	 0.713594	 0.309371	 -5.035676	 3.556545	 1.541905
 0.629442	 0.710037	 0.307829	 -5.010833	 3.584937	 1.554214
 0.634453	 0.706452	 0.306275	 -4.985800	 3.613176	 1.566456
 0.639439	 0.702839	 0.304708	 -4.960579	 3.641258	 1.578631
 0.644399	 0.699198	 0.303130	 -4.935172	 3.669185	 1.590738
 0.649334	 0.695528	 0.301539	 -4.909579	 3.696954	 1.602777
 0.654244	 0.691832	 0.299936	 -4.883802	 3.724564	 1.614748
 0.659128	 0.688107	 0.298321	 -4.857843	 3.752016	 1.626649
 0.663986	 0.684355	 0.296695	 -4.831701	 3.779306	 1.638480
 0.668817	 0.680576	 0.295056	 -4.805380	 3.806435	 1.650242
 0.673623	 0.676769	 0.293406	 -4.778879	 3.833402	 1.661933
 0.678402	 0.672936	 0.291744	 -4.752200	 3.860206	 1.673553
 0.683154	 0.669076	 0.290070	 -4.725345	 3.886844	 1.685102
 0.687879	 0.665189	 0.288385	 -4.698314	 3.913318	 1.696580
 0.692577	 0.661275	 0.286689	 -4.671110	 3.939625	 1.707985
 0.697249	 0.657336	 0.284981	 -4.643732	 3.965765	 1.719318
 0.701892	 0.653370	 0.283261	 -4.616184	 3.991737	 1.730577
 0.706508	 0.649378	 0.281531	 -4.588465	 4.017539	 1.741764
 0.711097	 0.645361	 0.279789	 -4.560578	 4.043171	 1.752876
 0.715657	 0.641318	 0.278036	 -4.532523	 4.068633	 1.763915
 0.720190	 0.637249	 0.276272	 -4.504302	 4.093922	 1.774879
 0.724694	 0.633155	 0.274497	 -4.475916	 4.119039	 1.785768
 0.729170	 0.629036	 0.272712	 -4.447367	 4.143982	 1.796582
 0.733618	 0.624892	 0.270915	 -4.418656	 4.168750	 1.807320
 0.738036	 0.620723	 0.269108	 -4.389784	 4.193343	 1.817982
 0.742426	 0.616530	 0.267290	 -4.360753	 4.217760	 1.828567
 0.746787	 0.612312	 0.265461	 -4.331563	 4.241999	 1.839076
 0.751118	 0.608070	 0.263622	 -4.302217	 4.266061	 1.849508
 0.755421	 0.603804	 0.261773	 -4.272716	 4.289944	 1.859862
 0.759693	 0.599514	 0.259913	 -4.243061	 4.313647	 1.870138
 0.763936	 0.595200	 0.258043	 -4.213253	 4.337170	 1.880336
 0.768150	 0.590863	 0.256162	 -4.183294	 4.360512	 1.890456
 0.772333	 0.586503	 0.254272	 -4.153186	 4.383671	 1.900496
 0.776486	 0.582119	 0.252371	 -4.122929	 4.406648	 1.910458
 0.780609	 0.577712	 0.250461	 -4.092525	 4.429442	 1.920339
 0.784702	 0.573283	 0.248541	 -4.061975	 4.452051	 1.930141
 0.788763	 0.568831	 0.246610	 -4.031282	 4.474475	 1.939863
 0.792795	 0.564357	 0.244670	 -4.000445	 4.496713	 1.949504
 0.796795	 0.559860	 0.242721	 -3.969467	 4.518765	 1.959065
 0.800765	 0.555341	 0.240762	 -3.938350	 4.540629	 1.968544
 0.804703	 0.550800	 0.238793	 -3.907093	 4.562306	 1.977941
 0.808610	 0.546238	 0.236815	 -3.875700	 4.583794	 1.987257
 0.812486	 0.541654	 0.234828	 -3.844171	 4.605092	 1.996491
 0.816330	 0.537049	 0.232832	 -3.812508	 4.626201	 2.005642
 0.820143	 0.532423	 0.230826	 -3.780712	 4.647119	 2.014711
 0.823923	 0.527776	 0.228811	 -3.748785	 4.667846	 2.023697
 0.827672	 0.523108	 0.226788	 -3.716728	 4.688380	 2.032599
 0.831389	 0.518420	 0.224755	 -3.684542	 4.708722	 2.041419
 0.835073	 0.513711	 0.222714	 -3.652230	 4.728871	 2.050154
 0.838726	 0.508982	 0.220663	 -3.619792	 4.748826	 2.058805
 0.842345	 0.504233	 0.218605	 -3.587229	 4.768586	 2.067372
 0.845933	 0.499465	 0.216537	 -3.554545	 4.788152	 2.075854
 0.849487	 0.494677	 0.214461	 -3.521739	 4.807522	 2.084252
 0.853009	 0.489869	 0.212377	 -3.488813	 4.826695	 2.092564
 0.856498	 0.485042	 0.210285	 -3.455769	 4.845672	 2.100791
 0.859953	 0.480197	 0.208184	 -3.422608	 4.864451	 2.108933
 0.863376	 0.475332	 0.206075	 -3.389332	 4.883032	 2.116989
 0.866765	 0.470449	 0.203958	 -3.355942	 4.901415	 2.124958
 0.870121	 0.465548	 0.201833	 -3.322440	 4.919599	 2.132842
 0.873444	 0.460628	 0.199700	 -3.288827	 4.937583	 2.140638
 0.876733	 0.455691	 0.197559	 -3.255104	 4.955367	 2.148349
 0.879988	 0.450735	 0.195411	 -3.221274	 4.972951	 2.155972
 0.883209	 0.445762	 0.193255	 -3.187337	 4.990334	 2.163508
 0.886396	 0.440772	 0.191092	 -3.153295	 5.007515	 2.170957
 0.889550	 0.435764	 0.188921	 -3.119150	 5.024494	 2.178318
 0.892669	 0.430740	 0.186742	 -3.084903	 5.041271	 2.185591
 0.895754	 0.425699	 0.184557	 -3.050555	 5.057844	 2.192776
 0.898804	 0.420641	 0.182364	 -3.016109	 5.074215	 2.199874
 0.901820	 0.415567	 0.180164	 -2.981564	 5.090382	 2.206883
 0.904802	 0.410476	 0.177957	 -2.946924	 5.106344	 2.213803
 0.907749	 0.405370	 0.175743	 -2.912190	 5.122102	 2.220635
 0.910661	 0.400248	 0.173523	 -2.877362	 5.137655	 2.227377
 0.913538	 0.395110	 0.171295	 -2.842443	 5.153002	 2.234031
 0.916381	 0.389957	 0.169061	 -2.807433	 5.168144	 2.240596
 0.919188	 0.384789	 0.166821	 -2.772336	 5.183079	 2.247071
 0.921961	 0.379606	 0.164574	 -2.737151	 5.197808	 2.253456
 0.924698	 0.374408	 0.162320	 -2.701881	 5.212330	 2.259752
 0.927400	 0.369196	 0.160061	 -2.666527	 5.226645	 2.265958
 0.930066	 0.363969	 0.157795	 -2.631090	 5.240753	 2.272074
 0.932697	 0.358728	 0.155522	 -2.595572	 5.254652	 2.278100
 0.935293	 0.353474	 0.153244	 -2.559975	 5.268343	 2.284036
 0.937853	 0.348205	 0.150960	 -2.524300	 5.281826	 2.289881
 0.940377	 0.342923	 0.148670	 -2.488548	 5.295100	 2.295636
 0.942866	 0.337628	 0.146375	 -2.452721	 5.308164	 2.301300
 0.945318	 0.332320	 0.144074	 -2.416821	 5.321020	 2.306873
 0.947735	 0.326999	 0.141767	 -2.380849	 5.333666	 2.312356
 0.950116	 0.321666	 0.139454	 -2.344807	 5.346101	 2.317747
 0.952461	 0.316319	 0.137137	 -2.308695	 5.358327	 2.323047
 0.954769	 0.310961	 0.134814	 -2.272516	 5.370342	 2.328256
 0.957042	 0.305591	 0.132485	 -2.236271	 5.382147	 2.333374
 0.959278	 0.300209	 0.130152	 -2.199962	 5.393741	 2.338401
 0.961478	 0.294815	 0.127813	 -2.163589	 5.405124	 2.343335
 0.963642	 0.289410	 0.125470	 -2.127156	 5.416295	 2.348179
 0.965769	 0.283993	 0.123122	 -2.090662	 5.427256	 2.352930
 0.967860	 0.278566	 0.120769	 -2.054110	 5.438004	 2.357590
 0.969914	 0.273128	 0.118411	 -2.017501	 5.448541	 2.362158
 0.971931	 0.267680	 0.116049	 -1.980836	 5.458865	 2.366634
 0.973912	 0.262221	 0.113683	 -1.944118	 5.468978	 2.371019
 0.975856	 0.256752	 0.111312	 -1.907347	 5.478879	 2.375311
 0.977764	 0.251273	 0.108936	 -1.870525	 5.488566	 2.379511
 0.979634	 0.245784	 0.106557	 -1.833653	 5.498042	 2.383619
 0.981468	 0.240286	 0.104173	 -1.796734	 5.507305	 2.387635
 0.983264	 0.234779	 0.101786	 -1.759768	 5.516355	 2.391558
 0.985024	 0.229263	 0.099394	 -1.722758	 5.525192	 2.395390
 0.986747	 0.223737	 0.096999	 -1.685704	 5.533816	 2.399129
 0.988433	 0.218204	 0.094599	 -1.648607	 5.542228	 2.402775
 0.990081	 0.212661	 0.092197	 -1.611471	 5.550426	 2.406329
 0.991693	 0.207111	 0.089790	 -1.574295	 5.558411	 2.409791
 0.993267	 0.201553	 0.087381	 -1.537082	 5.566183	 2.413161
 0.994804	 0.195986	 0.084967	 -1.499833	 5.573741	 2.416437
 0.996304	 0.190413	 0.082551	 -1.462549	 5.581087	 2.419622
 0.997767	 0.184832	 0.080131	 -1.425232	 5.588218	 2.422714
 0.999192	 0.179243	 0.077709	 -1.387884	 5.595137	 2.425713
 1.000580	 0.173648	 0.075283	 -1.350505	 5.601842	 2.428620
 1.001930	 0.168046	 0.072854	 -1.313098	 5.608334	 2.431435
 1.003243	 0.162438	 0.070423	 -1.275664	 5.614613	 2.434157
 1.004519	 0.156823	 0.067989	 -1.238204	 5.620678	 2.436786
 1.005757	 0.151203	 0.065552	 -1.200719	 5.626530	 2.439323
 1.006958	 0.145576	 0.063113	 -1.163212	 5.632169	 2.441768
 1.008121	 0.139944	 0.060671	 -1.125684	 5.637594	 2.444120
 1.009247	 0.134306	 0.058227	 -1.088136	 5.642807	 2.446380
 1.010335	 0.128664	 0.055780	 -1.050569	 5.647806	 2.448547
 1.011385	 0.123016	 0.053332	 -1.012985	 5.652592	 2.450622
 1.012398	 0.117363	 0.050881	 -0.975386	 5.657165	 2.452605
 1.013374	 0.111706	 0.048429	 -0.937773	 5.661526	 2.454495
 1.014312	 0.106045	 0.045974	 -0.900148	 5.665673	 2.456293
 1.015212	 0.100379	 0.043518	 -0.862511	 5.669608	 2.457999
 1.016074	 0.094709	 0.041060	 -0.824864	 5.673330	 2.459613
 1.016899	 0.089036	 0.038600	 -0.787210	 5.676840	 2.461135
 1.017686	 0.083359	 0.036139	 -0.749548	 5.680138	 2.462564
 1.018436	 0.077679	 0.033676	 -0.711881	 5.683223	 2.463902
 1.019148	 0.071996	 0.031213	 -0.674210	 5.686096	 2.465147
 1.019822	 0.066310	 0.028747	 -0.636537	 5.688758	 2.466301
 1.020458	 0.060621	 0.026281	 -0.598862	 5.691207	 2.467363
 1.021057	 0.054930	 0.023814	 -0.561188	 5.693445	 2.468333
 1.021619	 0.049236	 0.021345	 -0.523516	 5.695472	 2.469212
 1.022142	 0.043541	 0.018876	 -0.485846	 5.697287	 2.469999
 1.022628	 0.037843	 0.016406	 -0.448182	 5.698892	 2.470695
 1.023076	 0.032145	 0.013936	 -0.410523	 5.700285	 2.471299
 1.023487	 0.026444	 0.011464	 -0.372872	 5.701468	 2.471812
 1.023859	 0.020743	 0.008992	 -0.335229	 5.702441	 2.472233
 1.024195	 0.015040	 0.006520	 -0.297597	 5.703203	 2.472564
 1.024492	 0.009337	 0.004048	 -0.259976	 5.703756	 2.472803
 1.024752	 0.003633	 0.001575	 -0.222368	 5.704099	 2.472952
 1.024975	 -0.002071	 -0.000898	 -0.184775	 5.704232	 2.473010
 1.025159	 -0.007775	 -0.003371	 -0.147197	 5.704156	 2.472977
 1.025307	 -0.013479	 -0.005844	 -0.109637	 5.703871	 2.472853
 1.025416	 -0.019183	 -0.008317	 -0.072094	 5.703378	 2.472639
 1.025488	 -0.024886	 -0.010790	 -0.034572	 5.702676	 2.472335
 1.025523	 -0.030589	 -0.013262	 0.002929	 5.701766	 2.471940
 1.025520	 -0.036291	 -0.015734	 0.040407	 5.700648	 2.471456
 1.025480	 -0.041991	 -0.018205	 0.077862	 5.699322	 2.470881
 1.025402	 -0.047691	 -0.020676	 0.115291	 5.697790	 2.470217
 1.025286	 -0.053389	 -0.023146	 0.152693	 5.696050	 2.469462
 1.025134	 -0.059085	 -0.025616	 0.190067	 5.694104	 2.468619
 1.024944	 -0.064779	 -0.028085	 0.227412	 5.691951	 2.467686
 1.024716	 -0.070471	 -0.030552	 0.264727	 5.689593	 2.466663
 1.024452	 -0.076160	 -0.033019	 0.302009	 5.687029	 2.465552
 1.024150	 -0.081847	 -0.035484	 0.339258	 5.684260	 2.464351
 1.023810	 -0.087531	 -0.037949	 0.376472	 5.681286	 2.463062
 1.023434	 -0.093213	 -0.040412	 0.413650	 5.678107	 2.461684
 1.023020	 -0.098891	 -0.042874	 0.450791	 5.674725	 2.460217
 1.022569	 -0.104566	 -0.045334	 0.487894	 5.671138	 2.458662
 1.022081	 -0.110237	 -0.047792	 0.524956	 5.667348	 2.457019
 1.021556	 -0.115904	 -0.050249	 0.561977	 5.663355	 2.455288
 1.020995	 -0.121567	 -0.052705	 0.598955	 5.659160	 2.453469
 1.020396	 -0.127227	 -0.055158	 0.635890	 5.654762	 2.451562
 1.019760	 -0.132881	 -0.057610	 0.672779	 5.650163	 2.449568
 1.019087	 -0.138532	 -0.060059	 0.709622	 5.645362	 2.447487
 1.018377	 -0.144177	 -0.062507	 0.746417	 5.640360	 2.445318
 1.017631	 -0.149817	 -0.064952	 0.783163	 5.635158	 2.443063
 1.016848	 -0.155452	 -0.067395	 0.819859	 5.629755	 2.440721
 1.016028	 -0.161082	 -0.069836	 0.856504	 5.624153	 2.438292
 1.015171	 -0.166706	 -0.072274	 0.893095	 5.618352	 2.435777
 1.014278	 -0.172325	 -0.074710	 0.929633	 5.612352	 2.433176
 1.013349	 -0.177937	 -0.077143	 0.966115	 5.606153	 2.430488
 1.012382	 -0.183543	 -0.079574	 1.002541	 5.599757	 2.427715
 1.011380	 -0.189143	 -0.082001	 1.038909	 5.593164	 2.424857
 1.010341	 -0.194736	 -0.084426	 1.075217	 5.586374	 2.421913
 1.009266	 -0.200322	 -0.086848	 1.111466	 5.579387	 2.418884
 1.008154	 -0.205902	 -0.089267	 1.147653	 5.572204	 2.415770
 1.007007	 -0.211474	 -0.091683	 1.183777	 5.564827	 2.412572
 1.005823	 -0.217039	 -0.094095	 1.219838	 5.557254	 2.409288
 1.004603	 -0.222596	 -0.096505	 1.255833	 5.549487	 2.405921
 1.003347	 -0.228146	 -0.098911	 1.291762	 5.541526	 2.402470
 1.002055	 -0.233687	 -0.101313	 1.327623	 5.533371	 2.398934
 1.000728	 -0.239221	 -0.103712	 1.363415	 5.525024	 2.395316
 0.999364	 -0.244746	 -0.106107	 1.399138	 5.516485	 2.391613
 0.997965	 -0.250262	 -0.108499	 1.434789	 5.507754	 2.387828
 0.996531	 -0.255770	 -0.110887	 1.470368	 5.498832	 2.383960
 0.995060	 -0.261269	 -0.113271	 1.505874	 5.489719	 2.380009
 0.993554	 -0.266758	 -0.115651	 1.541304	 5.480416	 2.375976
 0.992013	 -0.272239	 -0.118027	 1.576659	 5.470924	 2.371861
 0.990436	 -0.277710	 -0.120399	 1.611937	 5.461242	 2.367663
 0.988824	 -0.283171	 -0.122766	 1.647137	 5.451373	 2.363384
 0.987177	 -0.288622	 -0.125130	 1.682258	 5.441315	 2.359024
 0.985495	 -0.294064	 -0.127489	 1.717298	 5.431070	 2.354583
 0.983778	 -0.299495	 -0.129843	 1.752256	 5.420639	 2.350060
 0.982025	 -0.304915	 -0.132193	 1.787132	 5.410022	 2.345457
 0.980238	 -0.310325	 -0.134539	 1.821924	 5.399219	 2.340774
 0.978416	 -0.315725	 -0.136879	 1.856630	 5.388231	 2.336010
 0.976560	 -0.321113	 -0.139215	 1.891251	 5.377060	 2.331167
 0.974668	 -0.326490	 -0.141547	 1.925785	 5.365704	 2.326244
 0.972743	 -0.331856	 -0.143873	 1.960230	 5.354166	 2.321241
 0.970782	 -0.337210	 -0.146194	 1.994586	 5.342445	 2.316160
 0.968788	 -0.342552	 -0.148510	 2.028851	 5.330543	 2.311000
 0.966759	 -0.347883	 -0.150821	 2.063025	 5.318460	 2.305761
 0.964696	 -0.353201	 -0.153127	 2.097106	 5.306196	 2.300444
 0.962599	 -0.358507	 -0.155428	 2.131093	 5.293752	 2.295050
 0.960468	 -0.363801	 -0.157723	 2.164985	 5.281129	 2.289577
 0.958303	 -0.369082	 -0.160012	 2.198782	 5.268328	 2.284027
 0.956104	 -0.374351	 -0.162296	 2.232482	 5.255349	 2.278400
 0.953872	 -0.379606	 -0.164575	 2.266083	 5.242193	 2.272696
 0.951605	 -0.384848	 -0.166847	 2.299586	 5.228860	 2.266916
 0.949306	 -0.390077	 -0.169114	 2.332988	 5.215351	 2.261060
 0.946973	 -0.395292	 -0.171375	 2.366289	 5.201668	 2.255127
 0.944607	 -0.400494	 -0.173630	 2.399488	 5.187809	 2.249119
 0.942207	 -0.405682	 -0.175879	 2.432584	 5.173777	 2.243036
 0.939775	 -0.410856	 -0.178123	 2.465576	 5.159572	 2.236877
 0.937309	 -0.416015	 -0.180359	 2.498462	 5.145195	 2.230644
 0.934811	 -0.421160	 -0.182590	 2.531242	 5.130646	 2.224336
 0.932279	 -0.426291	 -0.184814	 2.563915	 5.115926	 2.217955
 0.929715	 -0.431407	 -0.187032	 2.596480	 5.101035	 2.211499
 0.927119	 -0.436508	 -0.189244	 2.628935	 5.085975	 2.204970
 0.924490	 -0.441594	 -0.191449	 2.661280	 5.070747	 2.198368
 0.921829	 -0.446665	 -0.193647	 2.693514	 5.055350	 2.191692
 0.919135	 -0.451720	 -0.195839	 2.725636	 5.039785	 2.184945
 0.916410	 -0.456760	 -0.198024	 2.757645	 5.024054	 2.178125
 0.913652	 -0.461784	 -0.200202	 2.789539	 5.008157	 2.171233
 0.910862	 -0.466792	 -0.202373	 2.821319	 4.992095	 2.164269
 0.908041	 -0.471784	 -0.204537	 2.852982	 4.975868	 2.157234
 0.905188	 -0.476760	 -0.206695	 2.884528	 4.959478	 2.150128
 0.902303	 -0.481719	 -0.208845	 2.915957	 4.942925	 2.142952
 0.899388	 -0.486662	 -0.210988	 2.947267	 4.926209	 2.135705
 0.896440	 -0.491589	 -0.213123	 2.978457	 4.909332	 2.128388
 0.893462	 -0.496498	 -0.215252	 3.009526	 4.892294	 2.121001
 0.890452	 -0.501390	 -0.217373	 3.040474	 4.875097	 2.113546
 0.887412	 -0.506265	 -0.219486	 3.071299	 4.857740	 2.106021
 0.884341	 -0.511123	 -0.221592	 3.102001	 4.840225	 2.098427
 0.881239	 -0.515963	 -0.223691	 3.132578	 4.822552	 2.090765
 0.878106	 -0.520786	 -0.225782	 3.163030	 4.804722	 2.083035
 0.874943	 -0.525591	 -0.227865	 3.193357	 4.786736	 2.075238
 0.871750	 -0.530377	 -0.229940	 3.223556	 4.768595	 2.067373
 0.868526	 -0.535146	 -0.232007	 3.253627	 4.750299	 2.059441
 0.865272	 -0.539896	 -0.234067	 3.283570	 4.731850	 2.051442
 0.861989	 -0.544628	 -0.236118	 3.313383	 4.713248	 2.043378
 0.858675	 -0.549341	 -0.238162	 3.343066	 4.694493	 2.035247
 0.855332	 -0.554036	 -0.240197	 3.372618	 4.675588	 2.027050
 0.851960	 -0.558711	 -0.242224	 3.402037	 4.656531	 2.018789
 0.848558	 -0.563368	 -0.244243	 3.431323	 4.637326	 2.010462
 0.845126	 -0.568005	 -0.246253	 3.460476	 4.617971	 2.002071
 0.841666	 -0.572623	 -0.248255	 3.489494	 4.598468	 1.993616
 0.838176	 -0.577222	 -0.250249	 3.518377	 4.578818	 1.985097
 0.834658	 -0.581801	 -0.252234	 3.547123	 4.559021	 1.976514
 0.831111	 -0.586360	 -0.254210	 3.575733	 4.539079	 1.967868
 0.827535	 -0.590899	 -0.256178	 3.604204	 4.518992	 1.959160
 0.823931	 -0.595418	 -0.258137	 3.632537	 4.498760	 1.950389
 0.820298	 -0.599916	 -0.260088	 3.660731	 4.478386	 1.941556
 0.816638	 -0.604395	 -0.262029	 3.688784	 4.457870	 1.932661
 0.812949	 -0.608853	 -0.263962	 3.716697	 4.437212	 1.923705
 0.809232	 -0.613290	 -0.265886	 3.744467	 4.416413	 1.914688
 0.805488	 -0.617706	 -0.267800	 3.772096	 4.395475	 1.905610
 0.801716	 -0.622102	 -0.269706	 3.799580	 4.374397	 1.896472
 0.797916	 -0.626476	 -0.271602	 3.826921	 4.353182	 1.887275
 0.794089	 -0.630829	 -0.273490	 3.854117	 4.331829	 1.878017
 0.790235	 -0.635161	 -0.275368	 3.881168	 4.310340	 1.868701
 0.786354	 -0.639471	 -0.277236	 3.908072	 4.288715	 1.859326
 0.782446	 -0.643760	 -0.279096	 3.934830	 4.266956	 1.849892
 0.778511	 -0.648027	 -0.280946	 3.961439	 4.245062	 1.840400
 0.774550	 -0.652272	 -0.282786	 3.987901	 4.223036	 1.830851
 0.770562	 -0.656495	 -0.284617	 4.014213	 4.200878	 1.821245
 0.766547	 -0.660696	 -0.286438	 4.040375	 4.178588	 1.811581
 0.762507	 -0.664875	 -0.288250	 4.066387	 4.156169	 1.801861
 0.758441	 -0.669031	 -0.290052	 4.092248	 4.133619	 1.792085
 0.754348	 -0.673164	 -0.291844	 4.117957	 4.110941	 1.782254
 0.750230	 -0.677275	 -0.293626	 4.143513	 4.088135	 1.772366
 0.746087	 -0.681364	 -0.295398	 4.168916	 4.065203	 1.762424
 0.741918	 -0.685429	 -0.297161	 4.194165	 4.042144	 1.752427
 0.737724	 -0.689471	 -0.298913	 4.219259	 4.018960	 1.742376
 0.733505	 -0.693490	 -0.300656	 4.244198	 3.995652	 1.732271
 0.729260	 -0.697486	 -0.302388	 4.268981	 3.972221	 1.722113
 0.724991	 -0.701458	 -0.304110	 4.293608	 3.948667	 1.711901
 0.720698	 -0.705406	 -0.305822	 4.318078	 3.924992	 1.701637
 0.716380	 -0.709331	 -0.307523	 4.342390	 3.901196	 1.691321
 0.712037	 -0.713233	 -0.309215	 4.366543	 3.877280	 1.680952
 0.707671	 -0.717110	 -0.310896	 4.390537	 3.853246	 1.670532
 0.703280	 -0.720963	 -0.312566	 4.414372	 3.829093	 1.660061
 0.698866	 -0.724792	 -0.314226	 4.438046	 3.804823	 1.649539
 0.694428	 -0.728597	 -0.315876	 4.461560	 3.780438	 1.638967
 0.689966	 -0.732377	 -0.317515	 4.484912	 3.755937	 1.628345
 0.685481	 -0.736133	 -0.319143	 4.508102	 3.731321	 1.617673
 0.680973	 -0.739865	 -0.320761	 4.531129	 3.706592	 1.606952
 0.676442	 -0.743571	 -0.322368	 4.553994	 3.681751	 1.596182
 0.671888	 -0.747253	 -0.323964	 4.576694	 3.656798	 1.585364
 0.667311	 -0.750910	 -0.325549	 4.599230	 3.631734	 1.574498
 0.662712	 -0.754542	 -0.327124	 4.621601	 3.606560	 1.563584
 0.658091	 -0.758148	 -0.328687	 4.643807	 3.581278	 1.552623
 0.653447	 -0.761729	 -0.330240	 4.665846	 3.555887	 1.541615
 0.648781	 -0.765285	 -0.331782	 4.687719	 3.530389	 1.530561
 0.644093	 -0.768816	 -0.333312	 4.709425	 3.504786	 1.519461
 0.639384	 -0.772321	 -0.334832	 4.730963	 3.479077	 1.508315
 0.634653	 -0.775800	 -0.336340	 4.752333	 3.453264	 1.497124
 0.629901	 -0.779253	 -0.337837	 4.773535	 3.427347	 1.485888
 0.625127	 -0.782680	 -0.339323	 4.794567	 3.401328	 1.474608
 0.620332	 -0.786082	 -0.340798	 4.815430	 3.375207	 1.463284
 0.615517	 -0.789457	 -0.342261	 4.836122	 3.348986	 1.451916
 0.610681	 -0.792806	 -0.343713	 4.856643	 3.322665	 1.440505
 0.605824	 -0.796128	 -0.345153	 4.876994	 3.296246	 1.429051
 0.600947	 -0.799425	 -0.346582	 4.897173	 3.269728	 1.417554
 0.596050	 -0.802694	 -0.348000	 4.917179	 3.243114	 1.406016
 0.591133	 -0.805937	 -0.349406	 4.937013	 3.216404	 1.394436
 0.586196	 -0.809154	 -0.350800	 4.956674	 3.189599	 1.382815
 0.581239	 -0.812343	 -0.352183	 4.976161	 3.162699	 1.371153
 0.576263	 -0.815506	 -0.353554	 4.995475	 3.135707	 1.359451
 0.571268	 -0.818642	 -0.354914	 5.014614	 3.108622	 1.347708
 0.566253	 -0.821751	 -0.356262	 5.033577	 3.081447	 1.335927
 0.561219	 -0.824832	 -0.357597	 5.052366	 3.054180	 1.324106
 0.556167	 -0.827886	 -0.358922	 5.070979	 3.026825	 1.312246
 0.551096	 -0.830913	 -0.360234	 5.089415	 2.999381	 1.300348
 0.546007	 -0.833912	 -0.361534	 5.107675	 2.971850	 1.288412
 0.540899	 -0.836884	 -0.362823	 5.125758	 2.944232	 1.276438
 0.535773	 -0.839828	 -0.364099	 5.143664	 2.916528	 1.264428
 0.530629	 -0.842745	 -0.365363	 5.161392	 2.888740	 1.252381
 0.525468	 -0.845634	 -0.366616	 5.178941	 2.860868	 1.240297
 0.520289	 -0.848495	 -0.367856	 5.196312	 2.832913	 1.228178
 0.515093	 -0.851327	 -0.369084	 5.213503	 2.804877	 1.216023
 0.509879	 -0.854132	 -0.370300	 5.230516	 2.776760	 1.203833
 0.504649	 -0.856909	 -0.371504	 5.247348	 2.748562	 1.191608
 0.499401	 -0.859658	 -0.372696	 5.264000	 2.720286	 1.179349
 0.494137	 -0.862378	 -0.373875	 5.280472	 2.691932	 1.167057
 0.488857	 -0.865070	 -0.375042	 5.296763	 2.663501	 1.154730
 0.483560	 -0.867733	 -0.376197	 5.312873	 2.634993	 1.142371
 0.478247	 -0.870368	 -0.377339	 5.328801	 2.606411	 1.129980
 0.472919	 -0.872975	 -0.378469	 5.344547	 2.577754	 1.117556
 0.467574	 -0.875553	 -0.379587	 5.360111	 2.549024	 1.105100
 0.462214	 -0.878102	 -0.380692	 5.375492	 2.520222	 1.092614
 0.456838	 -0.880622	 -0.381785	 5.390691	 2.491349	 1.080096
 0.451448	 -0.883113	 -0.382865	 5.405706	 2.462405	 1.067547
 0.446042	 -0.885576	 -0.383932	 5.420538	 2.433391	 1.054969
 0.440621	 -0.888009	 -0.384987	 5.435185	 2.404310	 1.042361
 0.435186	 -0.890413	 -0.386029	 5.449649	 2.375160	 1.029723
 0.429737	 -0.892788	 -0.387059	 5.463928	 2.345944	 1.017057
 0.424273	 -0.895134	 -0.388076	 5.478022	 2.316663	 1.004363
 0.418795	 -0.897451	 -0.389081	 5.491932	 2.287317	 0.991640
 0.413303	 -0.899738	 -0.390072	 5.505656	 2.257907	 0.978890
 0.407797	 -0.901996	 -0.391051	 5.519194	 2.228435	 0.966112
 0.402278	 -0.904225	 -0.392017	 5.532547	 2.198901	 0.953308
 0.396745	 -0.906424	 -0.392971	 5.545713	 2.169306	 0.940477
 0.391200	 -0.908593	 -0.393911	 5.558693	 2.139651	 0.927621
 0.385641	 -0.910733	 -0.394839	 5.571487	 2.109937	 0.914739
 0.380069	 -0.912842	 -0.395753	 5.584093	 2.080166	 0.901832
 0.374485	 -0.914923	 -0.396655	 5.596512	 2.050337	 0.888900
 0.368889	 -0.916973	 -0.397544	 5.608744	 2.020453	 0.875944
 0.363280	 -0.918993	 -0.398420	 5.620789	 1.990513	 0.862964
 0.357659	 -0.920984	 -0.399283	 5.632645	 1.960519	 0.849960
 0.352027	 -0.922944	 -0.400133	 5.644314	 1.930473	 0.836934
 0.346382	 -0.924875	 -0.400970	 5.655794	 1.900374	 0.823885
 0.340727	 -0.926775	 -0.401794	 5.667086	 1.870224	 0.810813
 0.335059	 -0.928646	 -0.402605	 5.678189	 1.840023	 0.797720
 0.329381	 -0.930486	 -0.403402	 5.689103	 1.809774	 0.784606
 0.323692	 -0.932295	 -0.404187	 5.699828	 1.779476	 0.771471
 0.317992	 -0.934075	 -0.404958	 5.710364	 1.749131	 0.758315
 0.312282	 -0.935824	 -0.405717	 5.720710	 1.718739	 0.745139
 0.306561	 -0.937543	 -0.406462	 5.730867	 1.688302	 0.731943
 0.300830	 -0.939231	 -0.407194	 5.740834	 1.657821	 0.718728
 0.295090	 -0.940889	 -0.407913	 5.750611	 1.627296	 0.705495
 0.289339	 -0.942516	 -0.408618	 5.760198	 1.596728	 0.692242
 0.283579	 -0.944113	 -0.409310	 5.769594	 1.566119	 0.678972
 0.277809	 -0.945679	 -0.409989	 5.778801	 1.535469	 0.665684
 0.272030	 -0.947214	 -0.410655	 5.787816	 1.504780	 0.652379
 0.266243	 -0.948719	 -0.411307	 5.796641	 1.474052	 0.639057
 0.260446	 -0.950193	 -0.411946	 5.805275	 1.443286	 0.625719
 0.254641	 -0.951637	 -0.412572	 5.813718	 1.412484	 0.612365
 0.248827	 -0.953049	 -0.413184	 5.821969	 1.381646	 0.598995
 0.243005	 -0.954431	 -0.413783	 5.830030	 1.350772	 0.585611
 0.237175	 -0.955781	 -0.414369	 5.837899	 1.319865	 0.572211
 0.231337	 -0.957101	 -0.414941	 5.845577	 1.288925	 0.558798
 0.225491	 -0.958390	 -0.415500	 5.853063	 1.257953	 0.545370
 0.219638	 -0.959648	 -0.416045	 5.860357	 1.226950	 0.531929
 0.213778	 -0.960875	 -0.416577	 5.867460	 1.195917	 0.518475
 0.207911	 -0.962071	 -0.417096	 5.874371	 1.164855	 0.505008
 0.202036	 -0.963236	 -0.417601	 5.881090	 1.133765	 0.491529
 0.196155	 -0.964370	 -0.418092	 5.887616	 1.102647	 0.478039
 0.190267	 -0.965472	 -0.418570	 5.893951	 1.071504	 0.464537
 0.184374	 -0.966544	 -0.419035	 5.900094	 1.040335	 0.451024
 0.178473	 -0.967584	 -0.419486	 5.906044	 1.009141	 0.437500
 0.172567	 -0.968593	 -0.419924	 5.911802	 0.977925	 0.423966
 0.166656	 -0.969571	 -0.420347	 5.917368	 0.946686	 0.410423
 0.160738	 -0.970518	 -0.420758	 5.922741	 0.915425	 0.396870
 0.154815	 -0.971433	 -0.421155	 5.927922	 0.884144	 0.383309
 0.148888	 -0.972317	 -0.421538	 5.932910	 0.852843	 0.369739
 0.142955	 -0.973170	 -0.421908	 5.937706	 0.821524	 0.356161
 0.137017	 -0.973992	 -0.422264	 5.942309	 0.790188	 0.342575
 0.131075	 -0.974782	 -0.422607	 5.946720	 0.758834	 0.328982
 0.125128	 -0.975541	 -0.422936	 5.950938	 0.727465	 0.315382
 0.119177	 -0.976268	 -0.423251	 5.954963	 0.696081	 0.301776
 0.113222	 -0.976964	 -0.423553	 5.958796	 0.664683	 0.288164
 0.107263	 -0.977629	 -0.423841	 5.962436	 0.633272	 0.274546
 0.101301	 -0.978262	 -0.424115	 5.965884	 0.601850	 0.260923
 0.095335	 -0.978864	 -0.424376	 5.969139	 0.570416	 0.247295
 0.089366	 -0.979435	 -0.424624	 5.972201	 0.538973	 0.233663
 0.083394	 -0.979974	 -0.424857	 5.975071	 0.507520	 0.220027
 0.077418	 -0.980481	 -0.425077	 5.977748	 0.476059	 0.206388
 0.071441	 -0.980957	 -0.425284	 5.980233	 0.444591	 0.192745
 0.065461	 -0.981402	 -0.425476	 5.982525	 0.413116	 0.179100
 0.059478	 -0.981815	 -0.425656	 5.984625	 0.381637	 0.165452
 0.053493	 -0.982197	 -0.425821	 5.986532	 0.350153	 0.151803
 0.047507	 -0.982547	 -0.425973	 5.988247	 0.318665	 0.138151
 0.041519	 -0.982865	 -0.426111	 5.989770	 0.287175	 0.124499
 0.035529	 -0.983153	 -0.426235	 5.991100	 0.255684	 0.110847
 0.029538	 -0.983408	 -0.426346	 5.992238	 0.224192	 0.097193
 0.023545	 -0.983632	 -0.426443	 5.993184	 0.192700	 0.083541
 0.017552	 -0.983825	 -0.426527	 5.993938	 0.161210	 0.069888
 0.011558	 -0.983986	 -0.426597	 5.994500	 0.129721	 0.056237
 0.005564	 -0.984116	 -0.426653	 5.994869	 0.098236	 0.042587
 -0.000431	 -0.984214	 -0.426696	 5.995047	 0.066755	 0.028939
 -0.006426	 -0.984281	 -0.426725	 5.995034	 0.035279	 0.015292
 -0.012421	 -0.984316	 -0.426740	 5.994828	 0.003809	 0.001649
 -0.018416	 -0.984320	 -0.426742	 5.994431	 -0.027654	 -0.011992
 -0.024410	 -0.984292	 -0.426730	 5.993843	 -0.059109	 -0.025629
 -0.030404	 -0.984233	 -0.426704	 5.993063	 -0.090556	 -0.039262
 -0.036397	 -0.984143	 -0.426665	 5.992092	 -0.121993	 -0.052891
 -0.042389	 -0.984021	 -0.426612	 5.990929	 -0.153419	 -0.066516
 -0.048380	 -0.983867	 -0.426545	 5.989576	 -0.184834	 -0.080135
 -0.054370	 -0.983683	 -0.426465	 5.988032	 -0.216236	 -0.093749
 -0.060358	 -0.983466	 -0.426371	 5.986297	 -0.247625	 -0.107358
 -0.066344	 -0.983219	 -0.426264	 5.984372	 -0.278999	 -0.120960
 -0.072329	 -0.982940	 -0.426143	 5.982255	 -0.310359	 -0.134555
 -0.078311	 -0.982629	 -0.426009	 5.979949	 -0.341702	 -0.148144
 -0.084291	 -0.982288	 -0.425860	 5.977453	 -0.373028	 -0.161725
 -0.090268	 -0.981915	 -0.425699	 5.974766	 -0.404336	 -0.175298
 -0.096243	 -0.981510	 -0.425523	 5.971890	 -0.435625	 -0.188863
 -0.102215	 -0.981075	 -0.425335	 5.968823	 -0.466894	 -0.202420
 -0.108184	 -0.980608	 -0.425132	 5.965568	 -0.498143	 -0.215967
 -0.114149	 -0.980110	 -0.424916	 5.962123	 -0.529370	 -0.229505
 -0.120111	 -0.979580	 -0.424687	 5.958489	 -0.560574	 -0.243033
 -0.126070	 -0.979020	 -0.424444	 5.954665	 -0.591755	 -0.256552
 -0.132025	 -0.978428	 -0.424187	 5.950653	 -0.622911	 -0.270059
 -0.137975	 -0.977805	 -0.423917	 5.946453	 -0.654042	 -0.283556
 -0.143922	 -0.977151	 -0.423633	 5.942063	 -0.685147	 -0.297041
 -0.149864	 -0.976466	 -0.423336	 5.937486	 -0.716224	 -0.310514
 -0.155801	 -0.975750	 -0.423026	 5.932721	 -0.747274	 -0.323975
 -0.161734	 -0.975002	 -0.422702	 5.927768	 -0.778294	 -0.337424
 -0.167662	 -0.974224	 -0.422364	 5.922627	 -0.809285	 -0.350859
 -0.173584	 -0.973415	 -0.422014	 5.917299	 -0.840245	 -0.364282
 -0.179502	 -0.972574	 -0.421649	 5.911784	 -0.871173	 -0.377690
 -0.185413	 -0.971703	 -0.421272	 5.906081	 -0.902069	 -0.391085
 -0.191319	 -0.970801	 -0.420881	 5.900192	 -0.932931	 -0.404465
 -0.197220	 -0.969868	 -0.420476	 5.894117	 -0.963758	 -0.417830
 -0.203114	 -0.968905	 -0.420058	 5.887856	 -0.994551	 -0.431179
 -0.209002	 -0.967910	 -0.419627	 5.881408	 -1.025307	 -0.444514
 -0.214883	 -0.966885	 -0.419183	 5.874775	 -1.056026	 -0.457831
 -0.220758	 -0.965829	 -0.418725	 5.867956	 -1.086707	 -0.471133
 -0.226626	 -0.964742	 -0.418254	 5.860952	 -1.117350	 -0.484418
 -0.232487	 -0.963625	 -0.417769	 5.853764	 -1.147952	 -0.497685
 -0.238341	 -0.962477	 -0.417272	 5.846390	 -1.178514	 -0.510935
 -0.244187	 -0.961298	 -0.416761	 5.838832	 -1.209035	 -0.524167
 -0.250026	 -0.960089	 -0.416236	 5.831090	 -1.239513	 -0.537380
 -0.255857	 -0.958850	 -0.415699	 5.823164	 -1.269947	 -0.550575
 -0.261680	 -0.957580	 -0.415148	 5.815055	 -1.300338	 -0.563750
 -0.267495	 -0.956279	 -0.414585	 5.806763	 -1.330683	 -0.576906
 -0.273302	 -0.954949	 -0.414008	 5.798287	 -1.360983	 -0.590042
 -0.279100	 -0.953588	 -0.413418	 5.789629	 -1.391236	 -0.603158
 -0.284890	 -0.952196	 -0.412815	 5.780788	 -1.421441	 -0.616253
 -0.290671	 -0.950775	 -0.412198	 5.771766	 -1.451597	 -0.629327
 -0.296442	 -0.949323	 -0.411569	 5.762562	 -1.481704	 -0.642380
 -0.302205	 -0.947842	 -0.410927	 5.753176	 -1.511760	 -0.655410
 -0.307958	 -0.946330	 -0.410271	 5.743609	 -1.541766	 -0.668419
 -0.313702	 -0.944788	 -0.409603	 5.733862	 -1.571719	 -0.681405
 -0.319435	 -0.943216	 -0.408921	 5.723934	 -1.601620	 -0.694368
 -0.325159	 -0.941615	 -0.408227	 5.713826	 -1.631466	 -0.707307
 -0.330873	 -0.939983	 -0.407520	 5.703538	 -1.661258	 -0.720223
 -0.336577	 -0.938322	 -0.406800	 5.693071	 -1.690994	 -0.733115
 -0.342270	 -0.936631	 -0.406066	 5.682424	 -1.720674	 -0.745983
 -0.347952	 -0.934910	 -0.405320	 5.671599	 -1.750297	 -0.758825
 -0.353624	 -0.933160	 -0.404562	 5.660596	 -1.779862	 -0.771643
 -0.359284	 -0.931380	 -0.403790	 5.649415	 -1.809368	 -0.784435
 -0.364934	 -0.929571	 -0.403006	 5.638056	 -1.838813	 -0.797201
 -0.370572	 -0.927732	 -0.402208	 5.626520	 -1.868199	 -0.809940
 -0.376198	 -0.925864	 -0.401398	 5.614807	 -1.897522	 -0.822653
 -0.381813	 -0.923966	 -0.400576	 5.602917	 -1.926783	 -0.835339
 -0.387416	 -0.922040	 -0.399740	 5.590852	 -1.955981	 -0.847997
 -0.393007	 -0.920084	 -0.398892	 5.578611	 -1.985115	 -0.860628
 -0.398586	 -0.918098	 -0.398032	 5.566194	 -2.014184	 -0.873231
 -0.404152	 -0.916084	 -0.397159	 5.553602	 -2.043188	 -0.885805
 -0.409705	 -0.914041	 -0.396273	 5.540836	 -2.072124	 -0.898350
 -0.415246	 -0.911969	 -0.395374	 5.527896	 -2.100994	 -0.910866
 -0.420774	 -0.909868	 -0.394464	 5.514782	 -2.129795	 -0.923352
 -0.426289	 -0.907738	 -0.393540	 5.501495	 -2.158526	 -0.935809
 -0.431790	 -0.905580	 -0.392604	 5.488035	 -2.187188	 -0.948235
 -0.437278	 -0.903392	 -0.391656	 5.474402	 -2.215779	 -0.960630
 -0.442753	 -0.901177	 -0.390695	 5.460598	 -2.244299	 -0.972994
 -0.448213	 -0.898932	 -0.389722	 5.446621	 -2.272746	 -0.985327
 -0.453660	 -0.896660	 -0.388737	 5.432474	 -2.301120	 -0.997629
 -0.459093	 -0.894359	 -0.387740	 5.418156	 -2.329420	 -1.009898
 -0.464511	 -0.892029	 -0.386730	 5.403668	 -2.357644	 -1.022134
 -0.469914	 -0.889671	 -0.385707	 5.389009	 -2.385794	 -1.034338
 -0.475303	 -0.887286	 -0.384673	 5.374182	 -2.413866	 -1.046508
 -0.480678	 -0.884872	 -0.383627	 5.359185	 -2.441861	 -1.058645
 -0.486037	 -0.882430	 -0.382568	 5.344020	 -2.469778	 -1.070749
 -0.491381	 -0.879960	 -0.381497	 5.328687	 -2.497616	 -1.082817
 -0.496709	 -0.877463	 -0.380414	 5.313187	 -2.525375	 -1.094852
 -0.502023	 -0.874937	 -0.379320	 5.297519	 -2.553052	 -1.106851
 -0.507320	 -0.872384	 -0.378213	 5.281685	 -2.580648	 -1.118815
 -0.512602	 -0.869803	 -0.377094	 5.265685	 -2.608162	 -1.130744
 -0.517868	 -0.867195	 -0.375963	 5.249519	 -2.635593	 -1.142636
 -0.523117	 -0.864560	 -0.374821	 5.233188	 -2.662941	 -1.154492
 -0.528350	 -0.861897	 -0.373666	 5.216692	 -2.690203	 -1.166311
 -0.533567	 -0.859207	 -0.372500	 5.200032	 -2.717380	 -1.178094
 -0.538767	 -0.856489	 -0.371322	 5.183209	 -2.744471	 -1.189839
 -0.543950	 -0.853745	 -0.370132	 5.166222	 -2.771475	 -1.201546
 -0.549116	 -0.850973	 -0.368930	 5.149073	 -2.798391	 -1.213215
 -0.554266	 -0.848175	 -0.367717	 5.131761	 -2.825219	 -1.224846
 -0.559397	 -0.845350	 -0.366492	 5.114288	 -2.851957	 -1.236438
 -0.564512	 -0.842498	 -0.365256	 5.096654	 -2.878605	 -1.247991
 -0.569608	 -0.839619	 -0.364008	 5.078860	 -2.905163	 -1.259505
 -0.574687	 -0.836714	 -0.362748	 5.060905	 -2.931628	 -1.270979
 -0.579748	 -0.833782	 -0.361477	 5.042791	 -2.958001	 -1.282412
 -0.584791	 -0.830824	 -0.360195	 5.024518	 -2.984281	 -1.293806
 -0.589815	 -0.827840	 -0.358901	 5.006087	 -3.010467	 -1.305158
 -0.594821	 -0.824830	 -0.357596	 4.987498	 -3.036558	 -1.316470
 -0.599809	 -0.821793	 -0.356279	 4.968751	 -3.062553	 -1.327740
 -0.604778	 -0.818730	 -0.354952	 4.949848	 -3.088452	 -1.338968
 -0.609727	 -0.815642	 -0.353613	 4.930789	 -3.114254	 -1.350154
 -0.614658	 -0.812528	 -0.352263	 4.911574	 -3.139959	 -1.361298
 -0.619570	 -0.809388	 -0.350901	 4.892204	 -3.165564	 -1.372399
 -0.624462	 -0.806222	 -0.349529	 4.872679	 -3.191070	 -1.383457
 -0.629335	 -0.803031	 -0.348145	 4.853001	 -3.216477	 -1.394472
 -0.634188	 -0.799815	 -0.346751	 4.833169	 -3.241782	 -1.405442
 -0.639021	 -0.796573	 -0.345346	 4.813185	 -3.266986	 -1.416369
 -0.643834	 -0.793306	 -0.343929	 4.793048	 -3.292087	 -1.427252
 -0.648627	 -0.790014	 -0.342502	 4.772760	 -3.317085	 -1.438089
 -0.653400	 -0.786697	 -0.341064	 4.752320	 -3.341980	 -1.448882
 -0.658152	 -0.783355	 -0.339615	 4.731731	 -3.366770	 -1.459630
 -0.662884	 -0.779988	 -0.338155	 4.710992	 -3.391454	 -1.470331
 -0.667595	 -0.776596	 -0.336685	 4.690103	 -3.416033	 -1.480987
 -0.672285	 -0.773180	 -0.335204	 4.669066	 -3.440505	 -1.491597
 -0.676954	 -0.769740	 -0.333712	 4.647881	 -3.464869	 -1.502159
 -0.681602	 -0.766275	 -0.332210	 4.626549	 -3.489125	 -1.512675
 -0.686229	 -0.762786	 -0.330698	 4.605070	 -3.513272	 -1.523144
 -0.690834	 -0.759273	 -0.329174	 4.583445	 -3.537310	 -1.533565
 -0.695417	 -0.755735	 -0.327641	 4.561675	 -3.561237	 -1.543939
 -0.699979	 -0.752174	 -0.326097	 4.539759	 -3.585053	 -1.554264
 -0.704518	 -0.748589	 -0.324543	 4.517700	 -3.608758	 -1.564541
 -0.709036	 -0.744980	 -0.322978	 4.495497	 -3.632349	 -1.574769
 -0.713532	 -0.741348	 -0.321403	 4.473151	 -3.655828	 -1.584948
 -0.718005	 -0.737692	 -0.319818	 4.450663	 -3.679192	 -1.595077
 -0.722455	 -0.734013	 -0.318223	 4.428034	 -3.702442	 -1.605157
 -0.726884	 -0.730311	 -0.316618	 4.405264	 -3.725577	 -1.615187
 -0.731289	 -0.726585	 -0.315003	 4.382353	 -3.748596	 -1.625166
 -0.735671	 -0.722836	 -0.313378	 4.359303	 -3.771498	 -1.635095
 -0.740030	 -0.719065	 -0.311743	 4.336113	 -3.794282	 -1.644973
 -0.744367	 -0.715271	 -0.310098	 4.312786	 -3.816949	 -1.654800
 -0.748679	 -0.711454	 -0.308443	 4.289321	 -3.839497	 -1.664575
 -0.752969	 -0.707614	 -0.306778	 4.265719	 -3.861925	 -1.674299
 -0.757234	 -0.703752	 -0.305104	 4.241981	 -3.884233	 -1.683970
 -0.761476	 -0.699868	 -0.303420	 4.218108	 -3.906420	 -1.693589
 -0.765694	 -0.695962	 -0.301726	 4.194100	 -3.928486	 -1.703156
 -0.769889	 -0.692033	 -0.300023	 4.169957	 -3.950430	 -1.712669
 -0.774059	 -0.688083	 -0.298311	 4.145682	 -3.972251	 -1.722129
 -0.778204	 -0.684110	 -0.296589	 4.121273	 -3.993948	 -1.731536
 -0.782325	 -0.680116	 -0.294857	 4.096733	 -4.015521	 -1.740889
 -0.786422	 -0.676101	 -0.293116	 4.072061	 -4.036970	 -1.750187
 -0.790494	 -0.672064	 -0.291366	 4.047258	 -4.058293	 -1.759432
 -0.794542	 -0.668006	 -0.289606	 4.022326	 -4.079490	 -1.768622
 -0.798564	 -0.663926	 -0.287838	 3.997265	 -4.100560	 -1.777756
 -0.802561	 -0.659826	 -0.286060	 3.972075	 -4.121503	 -1.786836
 -0.806533	 -0.655704	 -0.284273	 3.946758	 -4.142317	 -1.795860
 -0.810480	 -0.651562	 -0.282477	 3.921314	 -4.163003	 -1.804828
 -0.814401	 -0.647399	 -0.280673	 3.895743	 -4.183560	 -1.813740
 -0.818297	 -0.643215	 -0.278859	 3.870047	 -4.203987	 -1.822596
 -0.822167	 -0.639011	 -0.277036	 3.844226	 -4.224283	 -1.831395
 -0.826011	 -0.634787	 -0.275205	 3.818282	 -4.244448	 -1.840137
 -0.829830	 -0.630542	 -0.273365	 3.792214	 -4.264481	 -1.848822
 -0.833622	 -0.626278	 -0.271516	 3.766024	 -4.284381	 -1.857450
 -0.837388	 -0.621994	 -0.269658	 3.739712	 -4.304149	 -1.866020
 -0.841128	 -0.617689	 -0.267792	 3.713279	 -4.323782	 -1.874532
 -0.844841	 -0.613366	 -0.265918	 3.686726	 -4.343282	 -1.882986
 -0.848528	 -0.609022	 -0.264035	 3.660053	 -4.362646	 -1.891381
 -0.852188	 -0.604660	 -0.262144	 3.633262	 -4.381875	 -1.899718
 -0.855821	 -0.600278	 -0.260244	 3.606354	 -4.400968	 -1.907995
 -0.859427	 -0.595877	 -0.258336	 3.579328	 -4.419924	 -1.916213
 -0.863007	 -0.591457	 -0.256420	 3.552185	 -4.438743	 -1.924372
 -0.866559	 -0.587018	 -0.254495	 3.524928	 -4.457424	 -1.932471
 -0.870084	 -0.582561	 -0.252563	 3.497555	 -4.475967	 -1.940510
 -0.873581	 -0.578085	 -0.250622	 3.470069	 -4.494370	 -1.948488
 -0.877051	 -0.573590	 -0.248674	 3.442470	 -4.512634	 -1.956406
 -0.880494	 -0.569078	 -0.246717	 3.414758	 -4.530757	 -1.964263
 -0.883909	 -0.564547	 -0.244753	 3.386935	 -4.548739	 -1.972060
 -0.887295	 -0.559998	 -0.242781	 3.359001	 -4.566581	 -1.979794
 -0.890654	 -0.555432	 -0.240801	 3.330958	 -4.584280	 -1.987468
 -0.893985	 -0.550847	 -0.238814	 3.302805	 -4.601836	 -1.995079
 -0.897288	 -0.546246	 -0.236819	 3.274544	 -4.619250	 -2.002629
 -0.900563	 -0.541626	 -0.234816	 3.246176	 -4.636520	 -2.010116
 -0.903809	 -0.536990	 -0.232806	 3.217701	 -4.653645	 -2.017540
 -0.907027	 -0.532336	 -0.230788	 3.189120	 -4.670626	 -2.024902
 -0.910216	 -0.527666	 -0.228763	 3.160435	 -4.687462	 -2.032201
 -0.913376	 -0.522978	 -0.226731	 3.131645	 -4.704152	 -2.039437
 -0.916508	 -0.518274	 -0.224692	 3.102753	 -4.720695	 -2.046609
 -0.919611	 -0.513553	 -0.222645	 3.073758	 -4.737091	 -2.053717
 -0.922684	 -0.508816	 -0.220592	 3.044661	 -4.753340	 -2.060762
 -0.925729	 -0.504063	 -0.218531	 3.015464	 -4.769441	 -2.067742
 -0.928744	 -0.499293	 -0.216463	 2.986166	 -4.785394	 -2.074658
 -0.931731	 -0.494508	 -0.214388	 2.956770	 -4.801197	 -2.081510
 -0.934687	 -0.489707	 -0.212307	 2.927276	 -4.816851	 -2.088296
 -0.937615	 -0.484890	 -0.210219	 2.897685	 -4.832355	 -2.095018
 -0.940512	 -0.480058	 -0.208124	 2.867997	 -4.847708	 -2.101674
 -0.943380	 -0.475210	 -0.206022	 2.838213	 -4.862910	 -2.108265
 -0.946219	 -0.470347	 -0.203914	 2.808335	 -4.877960	 -2.114789
 -0.949027	 -0.465469	 -0.201799	 2.778364	 -4.892859	 -2.121248
 -0.951805	 -0.460576	 -0.199678	 2.748299	 -4.907604	 -2.127641
 -0.954554	 -0.455669	 -0.197550	 2.718143	 -4.922197	 -2.133968
 -0.957272	 -0.450746	 -0.195416	 2.687895	 -4.936636	 -2.140228
 -0.959960	 -0.445810	 -0.193276	 2.657557	 -4.950921	 -2.146421
 -0.962617	 -0.440859	 -0.191129	 2.627130	 -4.965052	 -2.152547
 -0.965244	 -0.435894	 -0.188977	 2.596614	 -4.979027	 -2.158606
 -0.967841	 -0.430915	 -0.186818	 2.566011	 -4.992847	 -2.164597
 -0.970407	 -0.425922	 -0.184654	 2.535322	 -5.006511	 -2.170521
 -0.972942	 -0.420915	 -0.182483	 2.504546	 -5.020019	 -2.176377
 -0.975447	 -0.415895	 -0.180307	 2.473686	 -5.033370	 -2.182165
 -0.977920	 -0.410862	 -0.178124	 2.442742	 -5.046563	 -2.187885
 -0.980363	 -0.405815	 -0.175937	 2.411715	 -5.059599	 -2.193537
 -0.982775	 -0.400756	 -0.173743	 2.380606	 -5.072476	 -2.199120
 -0.985156	 -0.395683	 -0.171544	 2.349416	 -5.085195	 -2.204634
 -0.987505	 -0.390598	 -0.169339	 2.318146	 -5.097754	 -2.210079
 -0.989823	 -0.385500	 -0.167129	 2.286796	 -5.110154	 -2.215455
 -0.992110	 -0.380390	 -0.164914	 2.255368	 -5.122394	 -2.220761
 -0.994365	 -0.375268	 -0.162693	 2.223863	 -5.134474	 -2.225998
 -0.996589	 -0.370133	 -0.160467	 2.192281	 -5.146393	 -2.231165
 -0.998781	 -0.364987	 -0.158236	 2.160624	 -5.158150	 -2.236263
 -1.000942	 -0.359829	 -0.156000	 2.128892	 -5.169746	 -2.241290
 -1.003071	 -0.354659	 -0.153758	 2.097086	 -5.181180	 -2.246247
 -1.005168	 -0.349478	 -0.151512	 2.065208	 -5.192451	 -2.251133
 -1.007233	 -0.344285	 -0.149261	 2.033258	 -5.203560	 -2.255949
 -1.009266	 -0.339082	 -0.147005	 2.001238	 -5.214505	 -2.260694
 -1.011268	 -0.333867	 -0.144744	 1.969147	 -5.225286	 -2.265369
 -1.013237	 -0.328642	 -0.142479	 1.936988	 -5.235903	 -2.269972
 -1.015174	 -0.323406	 -0.140209	 1.904761	 -5.246356	 -2.274503
 -1.017079	 -0.318160	 -0.137934	 1.872466	 -5.256644	 -2.278964
 -1.018951	 -0.312903	 -0.135655	 1.840106	 -5.266767	 -2.283352
 -1.020791	 -0.307636	 -0.133372	 1.807681	 -5.276724	 -2.287669
 -1.022599	 -0.302360	 -0.131084	 1.775192	 -5.286516	 -2.291914
 -1.024374	 -0.297073	 -0.128793	 1.742640	 -5.296141	 -2.296087
 -1.026117	 -0.291777	 -0.126496	 1.710026	 -5.305599	 -2.300187
 -1.027827	 -0.286471	 -0.124196	 1.677350	 -5.314890	 -2.304215
 -1.029504	 -0.281157	 -0.121892	 1.644615	 -5.324014	 -2.308171
 -1.031149	 -0.275833	 -0.119584	 1.611821	 -5.332970	 -2.312054
 -1.032761	 -0.270500	 -0.117272	 1.578968	 -5.341758	 -2.315864
 -1.034339	 -0.265158	 -0.114956	 1.546058	 -5.350378	 -2.319601
 -1.035886	 -0.259807	 -0.112636	 1.513093	 -5.358829	 -2.323264
 -1.037399	 -0.254449	 -0.110313	 1.480072	 -5.367111	 -2.326855
 -1.038879	 -0.249082	 -0.107986	 1.446997	 -5.375223	 -2.330372
 -1.040326	 -0.243706	 -0.105656	 1.413869	 -5.383166	 -2.333815
 -1.041740	 -0.238323	 -0.103322	 1.380688	 -5.390939	 -2.337185
 -1.043120	 -0.232932	 -0.100985	 1.347457	 -5.398541	 -2.340481
 -1.044468	 -0.227534	 -0.098644	 1.314176	 -5.405973	 -2.343703
 -1.045782	 -0.222128	 -0.096301	 1.280845	 -5.413234	 -2.346851
 -1.047063	 -0.216714	 -0.093954	 1.247467	 -5.420324	 -2.349925
 -1.048310	 -0.211294	 -0.091604	 1.214041	 -5.427242	 -2.352924
 -1.049524	 -0.205867	 -0.089251	 1.180570	 -5.433988	 -2.355849
 -1.050705	 -0.200433	 -0.086895	 1.147053	 -5.440563	 -2.358699
 -1.051852	 -0.194992	 -0.084536	 1.113493	 -5.446965	 -2.361475
 -1.052965	 -0.189545	 -0.082175	 1.079889	 -5.453194	 -2.364175
 -1.054045	 -0.184092	 -0.079811	 1.046244	 -5.459251	 -2.366801
 -1.055091	 -0.178633	 -0.077444	 1.012558	 -5.465134	 -2.369352
 -1.056104	 -0.173168	 -0.075075	 0.978831	 -5.470844	 -2.371827
 -1.057083	 -0.167697	 -0.072703	 0.945067	 -5.476380	 -2.374227
 -1.058028	 -0.162221	 -0.070329	 0.911264	 -5.481743	 -2.376552
 -1.058939	 -0.156739	 -0.067952	 0.877425	 -5.486931	 -2.378802
 -1.059817	 -0.151252	 -0.065573	 0.843550	 -5.491945	 -2.380975
 -1.060660	 -0.145760	 -0.063192	 0.809640	 -5.496785	 -2.383073
 -1.061470	 -0.140263	 -0.060809	 0.775697	 -5.501449	 -2.385096
 -1.062246	 -0.134762	 -0.058424	 0.741721	 -5.505939	 -2.387042
 -1.062987	 -0.129256	 -0.056037	 0.707714	 -5.510253	 -2.388913
 -1.063695	 -0.123746	 -0.053648	 0.673676	 -5.514392	 -2.390707
 -1.064369	 -0.118231	 -0.051257	 0.639609	 -5.518355	 -2.392425
 -1.065008	 -0.112713	 -0.048865	 0.605513	 -5.522143	 -2.394067
 -1.065614	 -0.107191	 -0.046471	 0.571391	 -5.525754	 -2.395633
 -1.066185	 -0.101665	 -0.044075	 0.537242	 -5.529189	 -2.397122
 -1.066722	 -0.096136	 -0.041678	 0.503068	 -5.532448	 -2.398535
 -1.067225	 -0.090603	 -0.039280	 0.468870	 -5.535530	 -2.399871
 -1.067694	 -0.085068	 -0.036880	 0.434649	 -5.538435	 -2.401130
 -1.068129	 -0.079529	 -0.034479	 0.400406	 -5.541163	 -2.402313
 -1.068529	 -0.073988	 -0.032076	 0.366142	 -5.543714	 -2.403419
 -1.068896	 -0.068444	 -0.029673	 0.331858	 -5.546088	 -2.404448
 -1.069227	 -0.062898	 -0.027268	 0.297556	 -5.548285	 -2.405401
 -1.069525	 -0.057350	 -0.024863	 0.263236	 -5.550304	 -2.406276
 -1.069788	 -0.051800	 -0.022457	 0.228899	 -5.552145	 -2.407074
 -1.070017	 -0.046248	 -0.020050	 0.194547	 -5.553808	 -2.407795
 -1.070212	 -0.040694	 -0.017642	 0.160181	 -5.555293	 -2.408439
 -1.070372	 -0.035138	 -0.015233	 0.125801	 -5.556601	 -2.409006
 -1.070498	 -0.029582	 -0.012824	 0.091409	 -5.557730	 -2.409495
 -1.070589	 -0.024024	 -0.010415	 0.057006	 -5.558680	 -2.409907
 -1.070646	 -0.018465	 -0.008005	 0.022593	 -5.559453	 -2.410242
 -1.070669	 -0.012906	 -0.005595	 -0.011829	 -5.560046	 -2.410500
 -1.070657	 -0.007346	 -0.003184	 -0.046259	 -5.560461	 -2.410679
 -1.070611	 -0.001785	 -0.000774	 -0.080696	 -5.560698	 -2.410782
 -1.070530	 0.003775	 0.001637	 -0.115138	 -5.560755	 -2.410807
 -1.070415	 0.009336	 0.004048	 -0.149586	 -5.560634	 -2.410754
 -1.070265	 0.014897	 0.006459	 -0.184036	 -5.560333	 -2.410624
 -1.070081	 0.020457	 0.008869	 -0.218489	 -5.559854	 -2.410416
 -1.069863	 0.026017	 0.011280	 -0.252943	 -5.559195	 -2.410130
 -1.069610	 0.031576	 0.013690	 -0.287398	 -5.558357	 -2.409767
 -1.069322	 0.037134	 0.016100	 -0.321852	 -5.557340	 -2.409326
 -1.069000	 0.042692	 0.018509	 -0.356303	 -5.556144	 -2.408807
 -1.068644	 0.048248	 0.020918	 -0.390752	 -5.554768	 -2.408211
 -1.068253	 0.053803	 0.023326	 -0.425196	 -5.553213	 -2.407537
 -1.067828	 0.059356	 0.025734	 -0.459635	 -5.551478	 -2.406785
 -1.067368	 0.064907	 0.028140	 -0.494068	 -5.549564	 -2.405955
 -1.066874	 0.070457	 0.030546	 -0.528493	 -5.547471	 -2.405047
 -1.066346	 0.076004	 0.032951	 -0.562909	 -5.545198	 -2.404062
 -1.065783	 0.081550	 0.035355	 -0.597316	 -5.542746	 -2.402999
 -1.065186	 0.087092	 0.037758	 -0.631712	 -5.540114	 -2.401858
 -1.064554	 0.092632	 0.040160	 -0.666096	 -5.537302	 -2.400639
 -1.063888	 0.098170	 0.042561	 -0.700467	 -5.534312	 -2.399342
 -1.063187	 0.103704	 0.044960	 -0.734824	 -5.531141	 -2.397968
 -1.062453	 0.109235	 0.047358	 -0.769165	 -5.527792	 -2.396516
 -1.061683	 0.114763	 0.049755	 -0.803490	 -5.524263	 -2.394986
 -1.060880	 0.120287	 0.052150	 -0.837798	 -5.520554	 -2.393378
 -1.060042	 0.125808	 0.054543	 -0.872086	 -5.516666	 -2.391692
 -1.059170	 0.131324	 0.056935	 -0.906356	 -5.512599	 -2.389929
 -1.058264	 0.136837	 0.059325	 -0.940604	 -5.508353	 -2.388088
 -1.057323	 0.142345	 0.061713	 -0.974830	 -5.503927	 -2.386169
 -1.056348	 0.147849	 0.064099	 -1.009033	 -5.499322	 -2.384173
 -1.055339	 0.153349	 0.066483	 -1.043212	 -5.494539	 -2.382099
 -1.054296	 0.158843	 0.068865	 -1.077366	 -5.489576	 -2.379947
 -1.053219	 0.164333	 0.071245	 -1.111493	 -5.484434	 -2.377718
 -1.052107	 0.169817	 0.073623	 -1.145593	 -5.479114	 -2.375412
 -1.050962	 0.175296	 0.075998	 -1.179664	 -5.473614	 -2.373027
 -1.049782	 0.180770	 0.078371	 -1.213705	 -5.467937	 -2.370566
 -1.048568	 0.186238	 0.080742	 -1.247715	 -5.462080	 -2.368027
 -1.047320	 0.191700	 0.083110	 -1.281693	 -5.456045	 -2.365410
 -1.046039	 0.197156	 0.085475	 -1.315638	 -5.449832	 -2.362717
 -1.044723	 0.202606	 0.087838	 -1.349549	 -5.443440	 -2.359946
 -1.043374	 0.208049	 0.090198	 -1.383424	 -5.436871	 -2.357098
 -1.041990	 0.213486	 0.092555	 -1.417263	 -5.430123	 -2.354172
 -1.040573	 0.218916	 0.094909	 -1.451064	 -5.423198	 -2.351170
 -1.039122	 0.224339	 0.097260	 -1.484826	 -5.416095	 -2.348090
 -1.037637	 0.229756	 0.099609	 -1.518549	 -5.408815	 -2.344934
 -1.036118	 0.235164	 0.101953	 -1.552230	 -5.401357	 -2.341701
 -1.034566	 0.240566	 0.104295	 -1.585870	 -5.393722	 -2.338391
 -1.032980	 0.245959	 0.106634	 -1.619466	 -5.385910	 -2.335004
 -1.031361	 0.251345	 0.108969	 -1.653017	 -5.377921	 -2.331540
 -1.029708	 0.256723	 0.111300	 -1.686524	 -5.369756	 -2.328000
 -1.028021	 0.262093	 0.113628	 -1.719983	 -5.361413	 -2.324384
 -1.026301	 0.267454	 0.115952	 -1.753395	 -5.352895	 -2.320691
 -1.024548	 0.272807	 0.118273	 -1.786758	 -5.344201	 -2.316921
 -1.022761	 0.278151	 0.120590	 -1.820071	 -5.335330	 -2.313076
 -1.020941	 0.283487	 0.122903	 -1.853333	 -5.326284	 -2.309154
 -1.019088	 0.288813	 0.125212	 -1.886543	 -5.317063	 -2.305156
 -1.017201	 0.294130	 0.127517	 -1.919700	 -5.307666	 -2.301082
 -1.015282	 0.299438	 0.129819	 -1.952802	 -5.298095	 -2.296932
 -1.013329	 0.304736	 0.132115	 -1.985848	 -5.288348	 -2.292707
 -1.011343	 0.310024	 0.134408	 -2.018838	 -5.278427	 -2.288406
 -1.009324	 0.315303	 0.136697	 -2.051770	 -5.268332	 -2.284029
 -1.007272	 0.320571	 0.138981	 -2.084644	 -5.258063	 -2.279577
 -1.005188	 0.325829	 0.141260	 -2.117457	 -5.247620	 -2.275049
 -1.003070	 0.331077	 0.143535	 -2.150209	 -5.237003	 -2.270447
 -1.000920	 0.336314	 0.145806	 -2.182899	 -5.226213	 -2.265769
 -0.998737	 0.341540	 0.148071	 -2.215526	 -5.215251	 -2.261016
 -0.996522	 0.346755	 0.150332	 -2.248088	 -5.204115	 -2.256188
 -0.994274	 0.351959	 0.152589	 -2.280585	 -5.192807	 -2.251286
 -0.991993	 0.357152	 0.154840	 -2.313015	 -5.181328	 -2.246309
 -0.989680	 0.362333	 0.157086	 -2.345377	 -5.169676	 -2.241258
 -0.987335	 0.367503	 0.159328	 -2.377671	 -5.157853	 -2.236132
 -0.984957	 0.372661	 0.161564	 -2.409894	 -5.145859	 -2.230932
 -0.982547	 0.377807	 0.163795	 -2.442047	 -5.133694	 -2.225658
 -0.980105	 0.382941	 0.166020	 -2.474127	 -5.121358	 -2.220310
 -0.977631	 0.388062	 0.168241	 -2.506134	 -5.108853	 -2.214888
 -0.975125	 0.393171	 0.170455	 -2.538067	 -5.096177	 -2.209393
 -0.972587	 0.398267	 0.172665	 -2.569924	 -5.083333	 -2.203824
 -0.970017	 0.403350	 0.174869	 -2.601705	 -5.070319	 -2.198182
 -0.967415	 0.408421	 0.177067	 -2.633408	 -5.057136	 -2.192467
 -0.964782	 0.413478	 0.179259	 -2.665033	 -5.043785	 -2.186679
 -0.962117	 0.418521	 0.181446	 -2.696577	 -5.030266	 -2.180818
 -0.959420	 0.423552	 0.183627	 -2.728041	 -5.016579	 -2.174884
 -0.956692	 0.428568	 0.185802	 -2.759423	 -5.002725	 -2.168877
 -0.953932	 0.433571	 0.187971	 -2.790722	 -4.988704	 -2.162799
 -0.951142	 0.438560	 0.190133	 -2.821936	 -4.974517	 -2.156648
 -0.948320	 0.443534	 0.192290	 -2.853066	 -4.960163	 -2.150425
 -0.945467	 0.448494	 0.194440	 -2.884109	 -4.945644	 -2.144131
 -0.942583	 0.453440	 0.196585	 -2.915064	 -4.930960	 -2.137765
 -0.939668	 0.458371	 0.198722	 -2.945932	 -4.916111	 -2.131327
 -0.936722	 0.463287	 0.200854	 -2.976709	 -4.901097	 -2.124818
 -0.933745	 0.468188	 0.202978	 -3.007397	 -4.885920	 -2.118238
 -0.930738	 0.473074	 0.205097	 -3.037992	 -4.870579	 -2.111587
 -0.927700	 0.477945	 0.207208	 -3.068495	 -4.855075	 -2.104866
