 -4.111022	 -29.569013	 -8.506996	 1.157763	 -0.213377	 -0.415716
 -4.109864	 -29.569227	 -8.507411	 1.157769	 -0.213338	 -0.415705
 -4.108707	 -29.569440	 -8.507827	 1.157774	 -0.213299	 -0.415694
 -4.107549	 -29.569653	 -8.508243	 1.157780	 -0.213260	 -0.415683
 -4.106391	 -29.569867	 -8.508659	 1.157785	 -0.213221	 -0.415671
 -4.105233	 -29.570080	 -8.509074	 1.157791	 -0.213182	 -0.415660
 -4.104076	 -29.570293	 -8.509490	 1.157796	 -0.213143	 -0.415649
 -4.102918	 -29.570506	 -8.509906	 1.157801	 -0.213104	 -0.415638
 -4.101760	 -29.570719	 -8.510321	 1.157807	 -0.213065	 -0.415627
 -4.100602	 -29.570932	 -8.510737	 1.157812	 -0.213026	 -0.415615
 -4.099444	 -29.571145	 -8.511152	 1.157818	 -0.212987	 -0.415604
 -4.098287	 -29.571358	 -8.511568	 1.157823	 -0.212948	 -0.415593
 -4.097129	 -29.571571	 -8.511984	 1.157828	 -0.212909	 -0.415582
 -4.095971	 -29.571784	 -8.512399	 1.157834	 -0.212870	 -0.415570
 -4.094813	 -29.571997	 -8.512815	 1.157839	 -0.212831	 -0.415559
 -4.093655	 -29.572210	 -8.513230	 1.157845	 -0.212792	 -0.415548
 -4.092497	 -29.572423	 -8.513646	 1.157850	 -0.212753	 -0.415537
 -4.091340	 -29.572636	 -8.514061	 1.157855	 -0.212714	 -0.415525
 -4.090182	 -29.572848	 -8.514477	 1.157861	 -0.212675	 -0.415514
 -4.089024	 -29.573061	 -8.514892	 1.157866	 -0.212636	 -0.415503
 -4.087866	 -29.573274	 -8.515308	 1.157872	 -0.212597	 -0.415492
 -4.086708	 -29.573486	 -8.515723	 1.157877	 -0.212558	 -0.415480
 -4.085550	 -29.573699	 -8.516139	 1.157882	 -0.212518	 -0.415469
 -4.084392	 -29.573911	 -8.516554	 1.157888	 -0.212479	 -0.415458
 -4.083234	 -29.574124	 -8.516970	 1.157893	 -0.212440	 -0.415447
 -4.082077	 -29.574336	 -8.517385	 1.157899	 -0.212401	 -0.415436
 -4.080919	 -29.574549	 -8.517801	 1.157904	 -0.212362	 -0.415424
 -4.079761	 -29.574761	 -8.518216	 1.157909	 -0.212323	 -0.415413
 -4.078603	 -29.574973	 -8.518632	 1.157915	 -0.212284	 -0.415402
 -4.077445	 -29.575186	 -8.519047	 1.157920	 -0.212245	 -0.415391
 -4.076287	 -29.575398	 -8.519462	 1.157926	 -0.212206	 -0.415379
 -4.075129	 -29.575610	 -8.519878	 1.157931	 -0.212167	 -0.415368
 -4.073971	 -29.575822	 -8.520293	 1.157936	 -0.212128	 -0.415357
 -4.072813	 -29.576034	 -8.520708	 1.157942	 -0.212089	 -0.415346
 -4.071655	 -29.576246	 -8.521124	 1.157947	 -0.212050	 -0.415334
 -4.070497	 -29.576458	 -8.521539	 1.157952	 -0.212011	 -0.415323
 -4.069339	 -29.576670	 -8.521954	 1.157958	 -0.211972	 -0.415312
 -4.068181	 -29.576882	 -8.522370	 1.157963	 -0.211933	 -0.415301
 -4.067023	 -29.577094	 -8.522785	 1.157968	 -0.211894	 -0.415289
 -4.065865	 -29.577306	 -8.523200	 1.157974	 -0.211855	 -0.415278
 -4.064707	 -29.577518	 -8.523616	 1.157979	 -0.211816	 -0.415267
 -4.063550	 -29.577730	 -8.524031	 1.157985	 -0.211777	 -0.415256
 -4.062392	 -29.577942	 -8.524446	 1.157990	 -0.211738	 -0.415244
 -4.061234	 -29.578153	 -8.524861	 1.157995	 -0.211699	 -0.415233
 -4.060076	 -29.578365	 -8.525277	 1.158001	 -0.211660	 -0.415222
 -4.058918	 -29.578577	 -8.525692	 1.158006	 -0.211621	 -0.415211
 -4.057760	 -29.578788	 -8.526107	 1.158011	 -0.211582	 -0.415199
 -4.056602	 -29.579000	 -8.526522	 1.158017	 -0.211543	 -0.415188
 -4.055444	 -29.579211	 -8.526937	 1.158022	 -0.211504	 -0.415177
 -4.054285	 -29.579423	 -8.527353	 1.158027	 -0.211465	 -0.415166
 -4.053127	 -29.579634	 -8.527768	 1.158033	 -0.211426	 -0.415155
 -4.051969	 -29.579846	 -8.528183	 1.158038	 -0.211387	 -0.415143
 -4.050811	 -29.580057	 -8.528598	 1.158043	 -0.211348	 -0.415132
 -4.049653	 -29.580269	 -8.529013	 1.158049	 -0.211309	 -0.415121
 -4.048495	 -29.580480	 -8.529428	 1.158054	 -0.211270	 -0.415110
 -4.047337	 -29.580691	 -8.529843	 1.158059	 -0.211231	 -0.415098
 -4.046179	 -29.580902	 -8.530259	 1.158065	 -0.211192	 -0.415087
 -4.045021	 -29.581114	 -8.530674	 1.158070	 -0.211153	 -0.415076
 -4.043863	 -29.581325	 -8.531089	 1.158075	 -0.211114	 -0.415065
 -4.042705	 -29.581536	 -8.531504	 1.158081	 -0.211075	 -0.415053
 -4.041547	 -29.581747	 -8.531919	 1.158086	 -0.211036	 -0.415042
 -4.040389	 -29.581958	 -8.532334	 1.158091	 -0.210997	 -0.415031
 -4.039231	 -29.582169	 -8.532749	 1.158097	 -0.210958	 -0.415020
 -4.038073	 -29.582380	 -8.533164	 1.158102	 -0.210919	 -0.415008
 -4.036915	 -29.582591	 -8.533579	 1.158107	 -0.210880	 -0.414997
 -4.035756	 -29.582802	 -8.533994	 1.158113	 -0.210841	 -0.414986
 -4.034598	 -29.583013	 -8.534409	 1.158118	 -0.210802	 -0.414975
 -4.033440	 -29.583223	 -8.534824	 1.158123	 -0.210763	 -0.414963
 -4.032282	 -29.583434	 -8.535239	 1.158129	 -0.210724	 -0.414952
 -4.031124	 -29.583645	 -8.535654	 1.158134	 -0.210685	 -0.414941
 -4.029966	 -29.583856	 -8.536069	 1.158139	 -0.210646	 -0.414930
 -4.028808	 -29.584066	 -8.536484	 1.158145	 -0.210607	 -0.414918
 -4.027649	 -29.584277	 -8.536899	 1.158150	 -0.210568	 -0.414907
 -4.026491	 -29.584487	 -8.537313	 1.158155	 -0.210529	 -0.414896
 -4.025333	 -29.584698	 -8.537728	 1.158161	 -0.210490	 -0.414884
 -4.024175	 -29.584908	 -8.538143	 1.158166	 -0.210451	 -0.414873
 -4.023017	 -29.585119	 -8.538558	 1.158171	 -0.210412	 -0.414862
 -4.021859	 -29.585329	 -8.538973	 1.158177	 -0.210373	 -0.414851
 -4.020701	 -29.585540	 -8.539388	 1.158182	 -0.210334	 -0.414839
 -4.019542	 -29.585750	 -8.539803	 1.158187	 -0.210295	 -0.414828
 -4.018384	 -29.585960	 -8.540218	 1.158192	 -0.210256	 -0.414817
 -4.017226	 -29.586171	 -8.540632	 1.158198	 -0.210217	 -0.414806
 -4.016068	 -29.586381	 -8.541047	 1.158203	 -0.210178	 -0.414794
 -4.014910	 -29.586591	 -8.541462	 1.158208	 -0.210139	 -0.414783
 -4.013751	 -29.586801	 -8.541877	 1.158214	 -0.210100	 -0.414772
 -4.012593	 -29.587011	 -8.542291	 1.158219	 -0.210061	 -0.414761
 -4.011435	 -29.587221	 -8.542706	 1.158224	 -0.210022	 -0.414749
 -4.010277	 -29.587431	 -8.543121	 1.158229	 -0.209983	 -0.414738
 -4.009118	 -29.587641	 -8.543536	 1.158235	 -0.209944	 -0.414727
 -4.007960	 -29.587851	 -8.543950	 1.158240	 -0.209905	 -0.414716
 -4.006802	 -29.588061	 -8.544365	 1.158245	 -0.209866	 -0.414704
 -4.005644	 -29.588271	 -8.544780	 1.158251	 -0.209827	 -0.414693
 -4.004485	 -29.588481	 -8.545195	 1.158256	 -0.209788	 -0.414682
 -4.003327	 -29.588691	 -8.545609	 1.158261	 -0.209749	 -0.414671
 -4.002169	 -29.588900	 -8.546024	 1.158266	 -0.209710	 -0.414659
 -4.001011	 -29.589110	 -8.546439	 1.158272	 -0.209671	 -0.414648
 -3.999852	 -29.589320	 -8.546853	 1.158277	 -0.209632	 -0.414637
 -3.998694	 -29.589529	 -8.547268	 1.158282	 -0.209593	 -0.414626
 -3.997536	 -29.589739	 -8.547683	 1.158288	 -0.209554	 -0.414614
 -3.996378	 -29.589948	 -8.548097	 1.158293	 -0.209515	 -0.414603
 -3.995219	 -29.590158	 -8.548512	 1.158298	 -0.209476	 -0.414592
 -3.994061	 -29.590367	 -8.548926	 1.158303	 -0.209437	 -0.414580
 -3.992903	 -29.590577	 -8.549341	 1.158309	 -0.209398	 -0.414569
 -3.991744	 -29.590786	 -8.549755	 1.158314	 -0.209359	 -0.414558
 -3.990586	 -29.590996	 -8.550170	 1.158319	 -0.209320	 -0.414547
 -3.989428	 -29.591205	 -8.550585	 1.158324	 -0.209281	 -0.414535
 -3.988269	 -29.591414	 -8.550999	 1.158330	 -0.209242	 -0.414524
 -3.987111	 -29.591624	 -8.551414	 1.158335	 -0.209203	 -0.414513
 -3.985953	 -29.591833	 -8.551828	 1.158340	 -0.209164	 -0.414502
 -3.984794	 -29.592042	 -8.552243	 1.158345	 -0.209125	 -0.414490
 -3.983636	 -29.592251	 -8.552657	 1.158351	 -0.209086	 -0.414479
 -3.982478	 -29.592460	 -8.553072	 1.158356	 -0.209047	 -0.414468
 -3.981319	 -29.592669	 -8.553486	 1.158361	 -0.209008	 -0.414457
 -3.980161	 -29.592878	 -8.553901	 1.158366	 -0.208969	 -0.414445
 -3.979003	 -29.593087	 -8.554315	 1.158372	 -0.208930	 -0.414434
 -3.977844	 -29.593296	 -8.554729	 1.158377	 -0.208891	 -0.414423
 -3.976686	 -29.593505	 -8.555144	 1.158382	 -0.208852	 -0.414411
 -3.975528	 -29.593714	 -8.555558	 1.158387	 -0.208813	 -0.414400
 -3.974369	 -29.593923	 -8.555973	 1.158393	 -0.208774	 -0.414389
 -3.973211	 -29.594131	 -8.556387	 1.158398	 -0.208735	 -0.414378
 -3.972052	 -29.594340	 -8.556801	 1.158403	 -0.208696	 -0.414366
 -3.970894	 -29.594549	 -8.557216	 1.158408	 -0.208657	 -0.414355
 -3.969736	 -29.594757	 -8.557630	 1.158413	 -0.208618	 -0.414344
 -3.968577	 -29.594966	 -8.558044	 1.158419	 -0.208579	 -0.414333
 -3.967419	 -29.595175	 -8.558459	 1.158424	 -0.208540	 -0.414321
 -3.966260	 -29.595383	 -8.558873	 1.158429	 -0.208501	 -0.414310
 -3.965102	 -29.595592	 -8.559287	 1.158434	 -0.208462	 -0.414299
 -3.963943	 -29.595800	 -8.559702	 1.158440	 -0.208423	 -0.414287
 -3.962785	 -29.596009	 -8.560116	 1.158445	 -0.208384	 -0.414276
 -3.961627	 -29.596217	 -8.560530	 1.158450	 -0.208345	 -0.414265
 -3.960468	 -29.596425	 -8.560945	 1.158455	 -0.208306	 -0.414254
 -3.959310	 -29.596634	 -8.561359	 1.158460	 -0.208267	 -0.414242
 -3.958151	 -29.596842	 -8.561773	 1.158466	 -0.208228	 -0.414231
 -3.956993	 -29.597050	 -8.562187	 1.158471	 -0.208190	 -0.414220
 -3.955834	 -29.597258	 -8.562602	 1.158476	 -0.208151	 -0.414209
 -3.954676	 -29.597466	 -8.563016	 1.158481	 -0.208112	 -0.414197
 -3.953517	 -29.597675	 -8.563430	 1.158487	 -0.208073	 -0.414186
 -3.952359	 -29.597883	 -8.563844	 1.158492	 -0.208034	 -0.414175
 -3.951200	 -29.598091	 -8.564258	 1.158497	 -0.207995	 -0.414163
 -3.950042	 -29.598299	 -8.564672	 1.158502	 -0.207956	 -0.414152
 -3.948883	 -29.598507	 -8.565087	 1.158507	 -0.207917	 -0.414141
 -3.947725	 -29.598715	 -8.565501	 1.158513	 -0.207878	 -0.414130
 -3.946566	 -29.598922	 -8.565915	 1.158518	 -0.207839	 -0.414118
 -3.945408	 -29.599130	 -8.566329	 1.158523	 -0.207800	 -0.414107
 -3.944249	 -29.599338	 -8.566743	 1.158528	 -0.207761	 -0.414096
 -3.943091	 -29.599546	 -8.567157	 1.158533	 -0.207722	 -0.414084
 -3.941932	 -29.599754	 -8.567571	 1.158539	 -0.207683	 -0.414073
 -3.940774	 -29.599961	 -8.567985	 1.158544	 -0.207644	 -0.414062
 -3.939615	 -29.600169	 -8.568399	 1.158549	 -0.207605	 -0.414051
 -3.938457	 -29.600376	 -8.568813	 1.158554	 -0.207566	 -0.414039
 -3.937298	 -29.600584	 -8.569228	 1.158559	 -0.207527	 -0.414028
 -3.936139	 -29.600792	 -8.569642	 1.158564	 -0.207488	 -0.414017
 -3.934981	 -29.600999	 -8.570056	 1.158570	 -0.207449	 -0.414005
 -3.933822	 -29.601207	 -8.570470	 1.158575	 -0.207410	 -0.413994
 -3.932664	 -29.601414	 -8.570884	 1.158580	 -0.207371	 -0.413983
 -3.931505	 -29.601621	 -8.571298	 1.158585	 -0.207332	 -0.413972
 -3.930347	 -29.601829	 -8.571712	 1.158590	 -0.207293	 -0.413960
 -3.929188	 -29.602036	 -8.572125	 1.158596	 -0.207254	 -0.413949
 -3.928029	 -29.602243	 -8.572539	 1.158601	 -0.207215	 -0.413938
 -3.926871	 -29.602450	 -8.572953	 1.158606	 -0.207176	 -0.413926
 -3.925712	 -29.602658	 -8.573367	 1.158611	 -0.207137	 -0.413915
 -3.924554	 -29.602865	 -8.573781	 1.158616	 -0.207098	 -0.413904
 -3.923395	 -29.603072	 -8.574195	 1.158621	 -0.207059	 -0.413893
 -3.922236	 -29.603279	 -8.574609	 1.158627	 -0.207020	 -0.413881
 -3.921078	 -29.603486	 -8.575023	 1.158632	 -0.206981	 -0.413870
 -3.919919	 -29.603693	 -8.575437	 1.158637	 -0.206942	 -0.413859
 -3.918760	 -29.603900	 -8.575851	 1.158642	 -0.206903	 -0.413847
 -3.917602	 -29.604107	 -8.576264	 1.158647	 -0.206864	 -0.413836
 -3.916443	 -29.604314	 -8.576678	 1.158652	 -0.206825	 -0.413825
 -3.915284	 -29.604520	 -8.577092	 1.158658	 -0.206786	 -0.413814
 -3.914126	 -29.604727	 -8.577506	 1.158663	 -0.206747	 -0.413802
 -3.912967	 -29.604934	 -8.577920	 1.158668	 -0.206708	 -0.413791
 -3.911808	 -29.605141	 -8.578334	 1.158673	 -0.206670	 -0.413780
 -3.910650	 -29.605347	 -8.578747	 1.158678	 -0.206631	 -0.413768
 -3.909491	 -29.605554	 -8.579161	 1.158683	 -0.206592	 -0.413757
 -3.908332	 -29.605761	 -8.579575	 1.158688	 -0.206553	 -0.413746
 -3.907174	 -29.605967	 -8.579989	 1.158694	 -0.206514	 -0.413735
 -3.906015	 -29.606174	 -8.580402	 1.158699	 -0.206475	 -0.413723
 -3.904856	 -29.606380	 -8.580816	 1.158704	 -0.206436	 -0.413712
 -3.903698	 -29.606586	 -8.581230	 1.158709	 -0.206397	 -0.413701
 -3.902539	 -29.606793	 -8.581643	 1.158714	 -0.206358	 -0.413689
 -3.901380	 -29.606999	 -8.582057	 1.158719	 -0.206319	 -0.413678
 -3.900222	 -29.607206	 -8.582471	 1.158724	 -0.206280	 -0.413667
 -3.899063	 -29.607412	 -8.582884	 1.158730	 -0.206241	 -0.413656
 -3.897904	 -29.607618	 -8.583298	 1.158735	 -0.206202	 -0.413644
 -3.896745	 -29.607824	 -8.583712	 1.158740	 -0.206163	 -0.413633
 -3.895587	 -29.608030	 -8.584125	 1.158745	 -0.206124	 -0.413622
 -3.894428	 -29.608237	 -8.584539	 1.158750	 -0.206085	 -0.413610
 -3.893269	 -29.608443	 -8.584953	 1.158755	 -0.206046	 -0.413599
 -3.892110	 -29.608649	 -8.585366	 1.158760	 -0.206007	 -0.413588
 -3.890952	 -29.608855	 -8.585780	 1.158765	 -0.205968	 -0.413576
 -3.889793	 -29.609061	 -8.586193	 1.158771	 -0.205929	 -0.413565
 -3.888634	 -29.609267	 -8.586607	 1.158776	 -0.205890	 -0.413554
 -3.887475	 -29.609473	 -8.587021	 1.158781	 -0.205851	 -0.413543
 -3.886316	 -29.609678	 -8.587434	 1.158786	 -0.205812	 -0.413531
 -3.885158	 -29.609884	 -8.587848	 1.158791	 -0.205773	 -0.413520
 -3.883999	 -29.610090	 -8.588261	 1.158796	 -0.205734	 -0.413509
 -3.882840	 -29.610296	 -8.588675	 1.158801	 -0.205695	 -0.413497
 -3.881681	 -29.610501	 -8.589088	 1.158806	 -0.205657	 -0.413486
 -3.880522	 -29.610707	 -8.589502	 1.158811	 -0.205618	 -0.413475
 -3.879364	 -29.610913	 -8.589915	 1.158817	 -0.205579	 -0.413463
 -3.878205	 -29.611118	 -8.590329	 1.158822	 -0.205540	 -0.413452
 -3.877046	 -29.611324	 -8.590742	 1.158827	 -0.205501	 -0.413441
 -3.875887	 -29.611529	 -8.591155	 1.158832	 -0.205462	 -0.413430
 -3.874728	 -29.611735	 -8.591569	 1.158837	 -0.205423	 -0.413418
 -3.873570	 -29.611940	 -8.591982	 1.158842	 -0.205384	 -0.413407
 -3.872411	 -29.612146	 -8.592396	 1.158847	 -0.205345	 -0.413396
 -3.871252	 -29.612351	 -8.592809	 1.158852	 -0.205306	 -0.413384
 -3.870093	 -29.612556	 -8.593222	 1.158857	 -0.205267	 -0.413373
 -3.868934	 -29.612761	 -8.593636	 1.158862	 -0.205228	 -0.413362
 -3.867775	 -29.612967	 -8.594049	 1.158868	 -0.205189	 -0.413350
 -3.866616	 -29.613172	 -8.594463	 1.158873	 -0.205150	 -0.413339
 -3.865458	 -29.613377	 -8.594876	 1.158878	 -0.205111	 -0.413328
 -3.864299	 -29.613582	 -8.595289	 1.158883	 -0.205072	 -0.413317
 -3.863140	 -29.613787	 -8.595703	 1.158888	 -0.205033	 -0.413305
 -3.861981	 -29.613992	 -8.596116	 1.158893	 -0.204994	 -0.413294
 -3.860822	 -29.614197	 -8.596529	 1.158898	 -0.204955	 -0.413283
 -3.859663	 -29.614402	 -8.596942	 1.158903	 -0.204916	 -0.413271
 -3.858504	 -29.614607	 -8.597356	 1.158908	 -0.204877	 -0.413260
 -3.857345	 -29.614812	 -8.597769	 1.158913	 -0.204838	 -0.413249
 -3.856186	 -29.615017	 -8.598182	 1.158918	 -0.204800	 -0.413237
 -3.855027	 -29.615222	 -8.598595	 1.158923	 -0.204761	 -0.413226
 -3.853869	 -29.615426	 -8.599009	 1.158928	 -0.204722	 -0.413215
 -3.852710	 -29.615631	 -8.599422	 1.158934	 -0.204683	 -0.413203
 -3.851551	 -29.615836	 -8.599835	 1.158939	 -0.204644	 -0.413192
 -3.850392	 -29.616040	 -8.600248	 1.158944	 -0.204605	 -0.413181
 -3.849233	 -29.616245	 -8.600661	 1.158949	 -0.204566	 -0.413170
 -3.848074	 -29.616450	 -8.601075	 1.158954	 -0.204527	 -0.413158
 -3.846915	 -29.616654	 -8.601488	 1.158959	 -0.204488	 -0.413147
 -3.845756	 -29.616859	 -8.601901	 1.158964	 -0.204449	 -0.413136
 -3.844597	 -29.617063	 -8.602314	 1.158969	 -0.204410	 -0.413124
 -3.843438	 -29.617267	 -8.602727	 1.158974	 -0.204371	 -0.413113
 -3.842279	 -29.617472	 -8.603140	 1.158979	 -0.204332	 -0.413102
 -3.841120	 -29.617676	 -8.603553	 1.158984	 -0.204293	 -0.413090
 -3.839961	 -29.617880	 -8.603967	 1.158989	 -0.204254	 -0.413079
 -3.838802	 -29.618085	 -8.604380	 1.158994	 -0.204215	 -0.413068
 -3.837643	 -29.618289	 -8.604793	 1.158999	 -0.204176	 -0.413056
 -3.836484	 -29.618493	 -8.605206	 1.159004	 -0.204137	 -0.413045
 -3.835325	 -29.618697	 -8.605619	 1.159009	 -0.204098	 -0.413034
 -3.834166	 -29.618901	 -8.606032	 1.159014	 -0.204060	 -0.413022
 -3.833007	 -29.619105	 -8.606445	 1.159019	 -0.204021	 -0.413011
 -3.831848	 -29.619309	 -8.606858	 1.159024	 -0.203982	 -0.413000
 -3.830689	 -29.619513	 -8.607271	 1.159030	 -0.203943	 -0.412989
 -3.829530	 -29.619717	 -8.607684	 1.159035	 -0.203904	 -0.412977
 -3.828371	 -29.619921	 -8.608097	 1.159040	 -0.203865	 -0.412966
 -3.827212	 -29.620125	 -8.608510	 1.159045	 -0.203826	 -0.412955
 -3.826053	 -29.620329	 -8.608923	 1.159050	 -0.203787	 -0.412943
 -3.824894	 -29.620533	 -8.609336	 1.159055	 -0.203748	 -0.412932
 -3.823735	 -29.620736	 -8.609749	 1.159060	 -0.203709	 -0.412921
 -3.822576	 -29.620940	 -8.610161	 1.159065	 -0.203670	 -0.412909
 -3.821417	 -29.621144	 -8.610574	 1.159070	 -0.203631	 -0.412898
 -3.820258	 -29.621347	 -8.610987	 1.159075	 -0.203592	 -0.412887
 -3.819098	 -29.621551	 -8.611400	 1.159080	 -0.203553	 -0.412875
 -3.817939	 -29.621755	 -8.611813	 1.159085	 -0.203514	 -0.412864
 -3.816780	 -29.621958	 -8.612226	 1.159090	 -0.203475	 -0.412853
 -3.815621	 -29.622162	 -8.612639	 1.159095	 -0.203436	 -0.412841
 -3.814462	 -29.622365	 -8.613052	 1.159100	 -0.203398	 -0.412830
 -3.813303	 -29.622568	 -8.613464	 1.159105	 -0.203359	 -0.412819
 -3.812144	 -29.622772	 -8.613877	 1.159110	 -0.203320	 -0.412807
 -3.810985	 -29.622975	 -8.614290	 1.159115	 -0.203281	 -0.412796
 -3.809826	 -29.623178	 -8.614703	 1.159120	 -0.203242	 -0.412785
 -3.808667	 -29.623382	 -8.615116	 1.159125	 -0.203203	 -0.412773
 -3.807507	 -29.623585	 -8.615528	 1.159130	 -0.203164	 -0.412762
 -3.806348	 -29.623788	 -8.615941	 1.159135	 -0.203125	 -0.412751
 -3.805189	 -29.623991	 -8.616354	 1.159140	 -0.203086	 -0.412739
 -3.804030	 -29.624194	 -8.616767	 1.159145	 -0.203047	 -0.412728
 -3.802871	 -29.624397	 -8.617179	 1.159150	 -0.203008	 -0.412717
 -3.801712	 -29.624600	 -8.617592	 1.159155	 -0.202969	 -0.412705
 -3.800553	 -29.624803	 -8.618005	 1.159160	 -0.202930	 -0.412694
 -3.799393	 -29.625006	 -8.618418	 1.159165	 -0.202891	 -0.412683
 -3.798234	 -29.625209	 -8.618830	 1.159170	 -0.202852	 -0.412672
 -3.797075	 -29.625412	 -8.619243	 1.159175	 -0.202814	 -0.412660
 -3.795916	 -29.625615	 -8.619656	 1.159180	 -0.202775	 -0.412649
 -3.794757	 -29.625818	 -8.620068	 1.159185	 -0.202736	 -0.412638
 -3.793598	 -29.626020	 -8.620481	 1.159190	 -0.202697	 -0.412626
 -3.792438	 -29.626223	 -8.620893	 1.159195	 -0.202658	 -0.412615
 -3.791279	 -29.626426	 -8.621306	 1.159200	 -0.202619	 -0.412604
 -3.790120	 -29.626628	 -8.621719	 1.159205	 -0.202580	 -0.412592
 -3.788961	 -29.626831	 -8.622131	 1.159210	 -0.202541	 -0.412581
 -3.787802	 -29.627033	 -8.622544	 1.159215	 -0.202502	 -0.412570
 -3.786642	 -29.627236	 -8.622956	 1.159220	 -0.202463	 -0.412558
 -3.785483	 -29.627438	 -8.623369	 1.159225	 -0.202424	 -0.412547
 -3.784324	 -29.627641	 -8.623782	 1.159230	 -0.202385	 -0.412536
 -3.783165	 -29.627843	 -8.624194	 1.159235	 -0.202346	 -0.412524
 -3.782005	 -29.628045	 -8.624607	 1.159240	 -0.202307	 -0.412513
 -3.780846	 -29.628248	 -8.625019	 1.159245	 -0.202268	 -0.412502
 -3.779687	 -29.628450	 -8.625432	 1.159250	 -0.202230	 -0.412490
 -3.778528	 -29.628652	 -8.625844	 1.159255	 -0.202191	 -0.412479
 -3.777368	 -29.628854	 -8.626257	 1.159260	 -0.202152	 -0.412468
 -3.776209	 -29.629057	 -8.626669	 1.159264	 -0.202113	 -0.412456
 -3.775050	 -29.629259	 -8.627081	 1.159269	 -0.202074	 -0.412445
 -3.773891	 -29.629461	 -8.627494	 1.159274	 -0.202035	 -0.412434
 -3.772731	 -29.629663	 -8.627906	 1.159279	 -0.201996	 -0.412422
 -3.771572	 -29.629865	 -8.628319	 1.159284	 -0.201957	 -0.412411
 -3.770413	 -29.630067	 -8.628731	 1.159289	 -0.201918	 -0.412400
 -3.769254	 -29.630269	 -8.629144	 1.159294	 -0.201879	 -0.412388
 -3.768094	 -29.630471	 -8.629556	 1.159299	 -0.201840	 -0.412377
 -3.766935	 -29.630672	 -8.629968	 1.159304	 -0.201801	 -0.412366
 -3.765776	 -29.630874	 -8.630381	 1.159309	 -0.201762	 -0.412354
 -3.764616	 -29.631076	 -8.630793	 1.159314	 -0.201724	 -0.412343
 -3.763457	 -29.631278	 -8.631205	 1.159319	 -0.201685	 -0.412332
 -3.762298	 -29.631479	 -8.631618	 1.159324	 -0.201646	 -0.412320
 -3.761138	 -29.631681	 -8.632030	 1.159329	 -0.201607	 -0.412309
 -3.759979	 -29.631883	 -8.632442	 1.159334	 -0.201568	 -0.412298
 -3.758820	 -29.632084	 -8.632855	 1.159339	 -0.201529	 -0.412286
 -3.757660	 -29.632286	 -8.633267	 1.159344	 -0.201490	 -0.412275
 -3.756501	 -29.632487	 -8.633679	 1.159349	 -0.201451	 -0.412264
 -3.755342	 -29.632689	 -8.634092	 1.159354	 -0.201412	 -0.412252
 -3.754182	 -29.632890	 -8.634504	 1.159358	 -0.201373	 -0.412241
 -3.753023	 -29.633091	 -8.634916	 1.159363	 -0.201334	 -0.412230
 -3.751864	 -29.633293	 -8.635328	 1.159368	 -0.201295	 -0.412218
 -3.750704	 -29.633494	 -8.635740	 1.159373	 -0.201257	 -0.412207
 -3.749545	 -29.633695	 -8.636153	 1.159378	 -0.201218	 -0.412195
 -3.748385	 -29.633897	 -8.636565	 1.159383	 -0.201179	 -0.412184
 -3.747226	 -29.634098	 -8.636977	 1.159388	 -0.201140	 -0.412173
 -3.746067	 -29.634299	 -8.637389	 1.159393	 -0.201101	 -0.412161
 -3.744907	 -29.634500	 -8.637801	 1.159398	 -0.201062	 -0.412150
 -3.743748	 -29.634701	 -8.638214	 1.159403	 -0.201023	 -0.412139
 -3.742589	 -29.634902	 -8.638626	 1.159408	 -0.200984	 -0.412127
 -3.741429	 -29.635103	 -8.639038	 1.159413	 -0.200945	 -0.412116
 -3.740270	 -29.635304	 -8.639450	 1.159418	 -0.200906	 -0.412105
 -3.739110	 -29.635505	 -8.639862	 1.159422	 -0.200867	 -0.412093
 -3.737951	 -29.635706	 -8.640274	 1.159427	 -0.200828	 -0.412082
 -3.736791	 -29.635907	 -8.640686	 1.159432	 -0.200790	 -0.412071
 -3.735632	 -29.636107	 -8.641098	 1.159437	 -0.200751	 -0.412059
 -3.734473	 -29.636308	 -8.641510	 1.159442	 -0.200712	 -0.412048
 -3.733313	 -29.636509	 -8.641922	 1.159447	 -0.200673	 -0.412037
 -3.732154	 -29.636710	 -8.642334	 1.159452	 -0.200634	 -0.412025
 -3.730994	 -29.636910	 -8.642746	 1.159457	 -0.200595	 -0.412014
 -3.729835	 -29.637111	 -8.643158	 1.159462	 -0.200556	 -0.412003
 -3.728675	 -29.637311	 -8.643570	 1.159467	 -0.200517	 -0.411991
 -3.727516	 -29.637512	 -8.643982	 1.159471	 -0.200478	 -0.411980
 -3.726356	 -29.637712	 -8.644394	 1.159476	 -0.200439	 -0.411969
 -3.725197	 -29.637913	 -8.644806	 1.159481	 -0.200400	 -0.411957
 -3.724037	 -29.638113	 -8.645218	 1.159486	 -0.200361	 -0.411946
 -3.722878	 -29.638314	 -8.645630	 1.159491	 -0.200323	 -0.411935
 -3.721718	 -29.638514	 -8.646042	 1.159496	 -0.200284	 -0.411923
 -3.720559	 -29.638714	 -8.646454	 1.159501	 -0.200245	 -0.411912
 -3.719399	 -29.638914	 -8.646866	 1.159506	 -0.200206	 -0.411900
 -3.718240	 -29.639115	 -8.647278	 1.159511	 -0.200167	 -0.411889
 -3.717080	 -29.639315	 -8.647690	 1.159515	 -0.200128	 -0.411878
 -3.715921	 -29.639515	 -8.648102	 1.159520	 -0.200089	 -0.411866
 -3.714761	 -29.639715	 -8.648514	 1.159525	 -0.200050	 -0.411855
 -3.713602	 -29.639915	 -8.648925	 1.159530	 -0.200011	 -0.411844
 -3.712442	 -29.640115	 -8.649337	 1.159535	 -0.199972	 -0.411832
 -3.711283	 -29.640315	 -8.649749	 1.159540	 -0.199934	 -0.411821
 -3.710123	 -29.640515	 -8.650161	 1.159545	 -0.199895	 -0.411810
 -3.708964	 -29.640715	 -8.650573	 1.159550	 -0.199856	 -0.411798
 -3.707804	 -29.640915	 -8.650985	 1.159554	 -0.199817	 -0.411787
 -3.706645	 -29.641115	 -8.651396	 1.159559	 -0.199778	 -0.411776
 -3.705485	 -29.641314	 -8.651808	 1.159564	 -0.199739	 -0.411764
 -3.704325	 -29.641514	 -8.652220	 1.159569	 -0.199700	 -0.411753
 -3.703166	 -29.641714	 -8.652632	 1.159574	 -0.199661	 -0.411742
 -3.702006	 -29.641913	 -8.653043	 1.159579	 -0.199622	 -0.411730
 -3.700847	 -29.642113	 -8.653455	 1.159584	 -0.199583	 -0.411719
 -3.699687	 -29.642313	 -8.653867	 1.159588	 -0.199544	 -0.411707
 -3.698528	 -29.642512	 -8.654279	 1.159593	 -0.199506	 -0.411696
 -3.697368	 -29.642712	 -8.654690	 1.159598	 -0.199467	 -0.411685
 -3.696208	 -29.642911	 -8.655102	 1.159603	 -0.199428	 -0.411673
 -3.695049	 -29.643111	 -8.655514	 1.159608	 -0.199389	 -0.411662
 -3.693889	 -29.643310	 -8.655925	 1.159613	 -0.199350	 -0.411651
 -3.692730	 -29.643509	 -8.656337	 1.159618	 -0.199311	 -0.411639
 -3.691570	 -29.643709	 -8.656749	 1.159622	 -0.199272	 -0.411628
 -3.690410	 -29.643908	 -8.657160	 1.159627	 -0.199233	 -0.411617
 -3.689251	 -29.644107	 -8.657572	 1.159632	 -0.199194	 -0.411605
 -3.688091	 -29.644306	 -8.657983	 1.159637	 -0.199155	 -0.411594
 -3.686931	 -29.644505	 -8.658395	 1.159642	 -0.199117	 -0.411583
 -3.685772	 -29.644705	 -8.658807	 1.159647	 -0.199078	 -0.411571
 -3.684612	 -29.644904	 -8.659218	 1.159651	 -0.199039	 -0.411560
 -3.683452	 -29.645103	 -8.659630	 1.159656	 -0.199000	 -0.411548
 -3.682293	 -29.645302	 -8.660041	 1.159661	 -0.198961	 -0.411537
 -3.681133	 -29.645501	 -8.660453	 1.159666	 -0.198922	 -0.411526
 -3.679974	 -29.645700	 -8.660864	 1.159671	 -0.198883	 -0.411514
 -3.678814	 -29.645898	 -8.661276	 1.159676	 -0.198844	 -0.411503
 -3.677654	 -29.646097	 -8.661687	 1.159680	 -0.198805	 -0.411492
 -3.676494	 -29.646296	 -8.662099	 1.159685	 -0.198767	 -0.411480
 -3.675335	 -29.646495	 -8.662510	 1.159690	 -0.198728	 -0.411469
 -3.674175	 -29.646694	 -8.662922	 1.159695	 -0.198689	 -0.411458
 -3.673015	 -29.646892	 -8.663333	 1.159700	 -0.198650	 -0.411446
 -3.671856	 -29.647091	 -8.663745	 1.159705	 -0.198611	 -0.411435
 -3.670696	 -29.647290	 -8.664156	 1.159709	 -0.198572	 -0.411423
 -3.669536	 -29.647488	 -8.664568	 1.159714	 -0.198533	 -0.411412
 -3.668377	 -29.647687	 -8.664979	 1.159719	 -0.198494	 -0.411401
 -3.667217	 -29.647885	 -8.665390	 1.159724	 -0.198455	 -0.411389
 -3.666057	 -29.648084	 -8.665802	 1.159729	 -0.198416	 -0.411378
 -3.664897	 -29.648282	 -8.666213	 1.159733	 -0.198378	 -0.411367
 -3.663738	 -29.648480	 -8.666624	 1.159738	 -0.198339	 -0.411355
 -3.662578	 -29.648679	 -8.667036	 1.159743	 -0.198300	 -0.411344
 -3.661418	 -29.648877	 -8.667447	 1.159748	 -0.198261	 -0.411332
 -3.660258	 -29.649075	 -8.667859	 1.159753	 -0.198222	 -0.411321
 -3.659099	 -29.649274	 -8.668270	 1.159757	 -0.198183	 -0.411310
 -3.657939	 -29.649472	 -8.668681	 1.159762	 -0.198144	 -0.411298
 -3.656779	 -29.649670	 -8.669092	 1.159767	 -0.198105	 -0.411287
 -3.655619	 -29.649868	 -8.669504	 1.159772	 -0.198066	 -0.411276
 -3.654460	 -29.650066	 -8.669915	 1.159777	 -0.198028	 -0.411264
 -3.653300	 -29.650264	 -8.670326	 1.159781	 -0.197989	 -0.411253
 -3.652140	 -29.650462	 -8.670738	 1.159786	 -0.197950	 -0.411242
 -3.650980	 -29.650660	 -8.671149	 1.159791	 -0.197911	 -0.411230
 -3.649821	 -29.650858	 -8.671560	 1.159796	 -0.197872	 -0.411219
 -3.648661	 -29.651056	 -8.671971	 1.159801	 -0.197833	 -0.411207
 -3.647501	 -29.651254	 -8.672382	 1.159805	 -0.197794	 -0.411196
 -3.646341	 -29.651451	 -8.672794	 1.159810	 -0.197755	 -0.411185
 -3.645181	 -29.651649	 -8.673205	 1.159815	 -0.197716	 -0.411173
 -3.644021	 -29.651847	 -8.673616	 1.159820	 -0.197678	 -0.411162
 -3.642862	 -29.652045	 -8.674027	 1.159825	 -0.197639	 -0.411151
 -3.641702	 -29.652242	 -8.674438	 1.159829	 -0.197600	 -0.411139
 -3.640542	 -29.652440	 -8.674849	 1.159834	 -0.197561	 -0.411128
 -3.639382	 -29.652637	 -8.675261	 1.159839	 -0.197522	 -0.411116
 -3.638222	 -29.652835	 -8.675672	 1.159844	 -0.197483	 -0.411105
 -3.637062	 -29.653032	 -8.676083	 1.159848	 -0.197444	 -0.411094
 -3.635903	 -29.653230	 -8.676494	 1.159853	 -0.197405	 -0.411082
 -3.634743	 -29.653427	 -8.676905	 1.159858	 -0.197367	 -0.411071
 -3.633583	 -29.653625	 -8.677316	 1.159863	 -0.197328	 -0.411060
 -3.632423	 -29.653822	 -8.677727	 1.159867	 -0.197289	 -0.411048
 -3.631263	 -29.654019	 -8.678138	 1.159872	 -0.197250	 -0.411037
 -3.630103	 -29.654216	 -8.678549	 1.159877	 -0.197211	 -0.411025
 -3.628943	 -29.654414	 -8.678960	 1.159882	 -0.197172	 -0.411014
 -3.627784	 -29.654611	 -8.679371	 1.159886	 -0.197133	 -0.411003
 -3.626624	 -29.654808	 -8.679782	 1.159891	 -0.197094	 -0.410991
 -3.625464	 -29.655005	 -8.680193	 1.159896	 -0.197056	 -0.410980
 -3.624304	 -29.655202	 -8.680604	 1.159901	 -0.197017	 -0.410969
 -3.623144	 -29.655399	 -8.681015	 1.159906	 -0.196978	 -0.410957
 -3.621984	 -29.655596	 -8.681426	 1.159910	 -0.196939	 -0.410946
 -3.620824	 -29.655793	 -8.681837	 1.159915	 -0.196900	 -0.410934
 -3.619664	 -29.655990	 -8.682248	 1.159920	 -0.196861	 -0.410923
 -3.618504	 -29.656187	 -8.682659	 1.159924	 -0.196822	 -0.410912
 -3.617344	 -29.656384	 -8.683070	 1.159929	 -0.196783	 -0.410900
 -3.616184	 -29.656580	 -8.683481	 1.159934	 -0.196744	 -0.410889
 -3.615025	 -29.656777	 -8.683892	 1.159939	 -0.196706	 -0.410877
 -3.613865	 -29.656974	 -8.684302	 1.159943	 -0.196667	 -0.410866
 -3.612705	 -29.657170	 -8.684713	 1.159948	 -0.196628	 -0.410855
 -3.611545	 -29.657367	 -8.685124	 1.159953	 -0.196589	 -0.410843
 -3.610385	 -29.657564	 -8.685535	 1.159958	 -0.196550	 -0.410832
 -3.609225	 -29.657760	 -8.685946	 1.159962	 -0.196511	 -0.410821
 -3.608065	 -29.657957	 -8.686357	 1.159967	 -0.196472	 -0.410809
 -3.606905	 -29.658153	 -8.686768	 1.159972	 -0.196434	 -0.410798
 -3.605745	 -29.658350	 -8.687178	 1.159977	 -0.196395	 -0.410786
 -3.604585	 -29.658546	 -8.687589	 1.159981	 -0.196356	 -0.410775
 -3.603425	 -29.658742	 -8.688000	 1.159986	 -0.196317	 -0.410764
 -3.602265	 -29.658939	 -8.688411	 1.159991	 -0.196278	 -0.410752
 -3.601105	 -29.659135	 -8.688821	 1.159995	 -0.196239	 -0.410741
 -3.599945	 -29.659331	 -8.689232	 1.160000	 -0.196200	 -0.410729
 -3.598785	 -29.659527	 -8.689643	 1.160005	 -0.196161	 -0.410718
 -3.597625	 -29.659724	 -8.690054	 1.160010	 -0.196123	 -0.410707
 -3.596465	 -29.659920	 -8.690464	 1.160014	 -0.196084	 -0.410695
 -3.595305	 -29.660116	 -8.690875	 1.160019	 -0.196045	 -0.410684
 -3.594145	 -29.660312	 -8.691286	 1.160024	 -0.196006	 -0.410673
 -3.592985	 -29.660508	 -8.691696	 1.160028	 -0.195967	 -0.410661
 -3.591825	 -29.660704	 -8.692107	 1.160033	 -0.195928	 -0.410650
 -3.590665	 -29.660900	 -8.692518	 1.160038	 -0.195889	 -0.410638
 -3.589505	 -29.661096	 -8.692928	 1.160043	 -0.195850	 -0.410627
 -3.588345	 -29.661292	 -8.693339	 1.160047	 -0.195812	 -0.410616
 -3.587185	 -29.661487	 -8.693750	 1.160052	 -0.195773	 -0.410604
 -3.586025	 -29.661683	 -8.694160	 1.160057	 -0.195734	 -0.410593
 -3.584865	 -29.661879	 -8.694571	 1.160061	 -0.195695	 -0.410581
 -3.583705	 -29.662075	 -8.694981	 1.160066	 -0.195656	 -0.410570
 -3.582544	 -29.662270	 -8.695392	 1.160071	 -0.195617	 -0.410559
 -3.581384	 -29.662466	 -8.695802	 1.160075	 -0.195578	 -0.410547
 -3.580224	 -29.662661	 -8.696213	 1.160080	 -0.195540	 -0.410536
 -3.579064	 -29.662857	 -8.696624	 1.160085	 -0.195501	 -0.410524
 -3.577904	 -29.663052	 -8.697034	 1.160090	 -0.195462	 -0.410513
 -3.576744	 -29.663248	 -8.697445	 1.160094	 -0.195423	 -0.410502
 -3.575584	 -29.663443	 -8.697855	 1.160099	 -0.195384	 -0.410490
 -3.574424	 -29.663639	 -8.698266	 1.160104	 -0.195345	 -0.410479
 -3.573264	 -29.663834	 -8.698676	 1.160108	 -0.195306	 -0.410467
 -3.572104	 -29.664029	 -8.699086	 1.160113	 -0.195268	 -0.410456
 -3.570944	 -29.664225	 -8.699497	 1.160118	 -0.195229	 -0.410445
 -3.569783	 -29.664420	 -8.699907	 1.160122	 -0.195190	 -0.410433
 -3.568623	 -29.664615	 -8.700318	 1.160127	 -0.195151	 -0.410422
 -3.567463	 -29.664810	 -8.700728	 1.160132	 -0.195112	 -0.410410
 -3.566303	 -29.665005	 -8.701139	 1.160136	 -0.195073	 -0.410399
 -3.565143	 -29.665200	 -8.701549	 1.160141	 -0.195034	 -0.410388
 -3.563983	 -29.665395	 -8.701959	 1.160146	 -0.194995	 -0.410376
 -3.562823	 -29.665590	 -8.702370	 1.160150	 -0.194957	 -0.410365
 -3.561662	 -29.665785	 -8.702780	 1.160155	 -0.194918	 -0.410353
 -3.560502	 -29.665980	 -8.703191	 1.160160	 -0.194879	 -0.410342
 -3.559342	 -29.666175	 -8.703601	 1.160164	 -0.194840	 -0.410331
 -3.558182	 -29.666370	 -8.704011	 1.160169	 -0.194801	 -0.410319
 -3.557022	 -29.666565	 -8.704422	 1.160174	 -0.194762	 -0.410308
 -3.555862	 -29.666760	 -8.704832	 1.160178	 -0.194723	 -0.410296
 -3.554701	 -29.666954	 -8.705242	 1.160183	 -0.194685	 -0.410285
 -3.553541	 -29.667149	 -8.705652	 1.160188	 -0.194646	 -0.410274
 -3.552381	 -29.667344	 -8.706063	 1.160192	 -0.194607	 -0.410262
 -3.551221	 -29.667538	 -8.706473	 1.160197	 -0.194568	 -0.410251
 -3.550061	 -29.667733	 -8.706883	 1.160202	 -0.194529	 -0.410239
 -3.548901	 -29.667927	 -8.707293	 1.160206	 -0.194490	 -0.410228
 -3.547740	 -29.668122	 -8.707704	 1.160211	 -0.194451	 -0.410217
 -3.546580	 -29.668316	 -8.708114	 1.160216	 -0.194413	 -0.410205
 -3.545420	 -29.668511	 -8.708524	 1.160220	 -0.194374	 -0.410194
 -3.544260	 -29.668705	 -8.708934	 1.160225	 -0.194335	 -0.410182
 -3.543099	 -29.668899	 -8.709344	 1.160230	 -0.194296	 -0.410171
 -3.541939	 -29.669094	 -8.709755	 1.160234	 -0.194257	 -0.410160
 -3.540779	 -29.669288	 -8.710165	 1.160239	 -0.194218	 -0.410148
 -3.539619	 -29.669482	 -8.710575	 1.160243	 -0.194180	 -0.410137
 -3.538459	 -29.669676	 -8.710985	 1.160248	 -0.194141	 -0.410125
 -3.537298	 -29.669870	 -8.711395	 1.160253	 -0.194102	 -0.410114
 -3.536138	 -29.670065	 -8.711805	 1.160257	 -0.194063	 -0.410103
 -3.534978	 -29.670259	 -8.712215	 1.160262	 -0.194024	 -0.410091
 -3.533817	 -29.670453	 -8.712626	 1.160267	 -0.193985	 -0.410080
 -3.532657	 -29.670647	 -8.713036	 1.160271	 -0.193946	 -0.410068
 -3.531497	 -29.670841	 -8.713446	 1.160276	 -0.193908	 -0.410057
 -3.530337	 -29.671034	 -8.713856	 1.160280	 -0.193869	 -0.410046
 -3.529176	 -29.671228	 -8.714266	 1.160285	 -0.193830	 -0.410034
 -3.528016	 -29.671422	 -8.714676	 1.160290	 -0.193791	 -0.410023
 -3.526856	 -29.671616	 -8.715086	 1.160294	 -0.193752	 -0.410011
 -3.525696	 -29.671810	 -8.715496	 1.160299	 -0.193713	 -0.410000
 -3.524535	 -29.672003	 -8.715906	 1.160304	 -0.193675	 -0.409989
 -3.523375	 -29.672197	 -8.716316	 1.160308	 -0.193636	 -0.409977
 -3.522215	 -29.672391	 -8.716726	 1.160313	 -0.193597	 -0.409966
 -3.521054	 -29.672584	 -8.717136	 1.160317	 -0.193558	 -0.409954
 -3.519894	 -29.672778	 -8.717546	 1.160322	 -0.193519	 -0.409943
 -3.518734	 -29.672971	 -8.717956	 1.160327	 -0.193480	 -0.409931
 -3.517573	 -29.673165	 -8.718366	 1.160331	 -0.193441	 -0.409920
 -3.516413	 -29.673358	 -8.718776	 1.160336	 -0.193403	 -0.409909
 -3.515253	 -29.673552	 -8.719185	 1.160340	 -0.193364	 -0.409897
 -3.514092	 -29.673745	 -8.719595	 1.160345	 -0.193325	 -0.409886
 -3.512932	 -29.673938	 -8.720005	 1.160350	 -0.193286	 -0.409874
 -3.511772	 -29.674132	 -8.720415	 1.160354	 -0.193247	 -0.409863
 -3.510611	 -29.674325	 -8.720825	 1.160359	 -0.193208	 -0.409852
 -3.509451	 -29.674518	 -8.721235	 1.160363	 -0.193170	 -0.409840
 -3.508291	 -29.674711	 -8.721645	 1.160368	 -0.193131	 -0.409829
 -3.507130	 -29.674904	 -8.722054	 1.160373	 -0.193092	 -0.409817
 -3.505970	 -29.675098	 -8.722464	 1.160377	 -0.193053	 -0.409806
 -3.504809	 -29.675291	 -8.722874	 1.160382	 -0.193014	 -0.409794
 -3.503649	 -29.675484	 -8.723284	 1.160386	 -0.192975	 -0.409783
 -3.502489	 -29.675677	 -8.723694	 1.160391	 -0.192936	 -0.409772
 -3.501328	 -29.675870	 -8.724103	 1.160396	 -0.192898	 -0.409760
 -3.500168	 -29.676062	 -8.724513	 1.160400	 -0.192859	 -0.409749
 -3.499007	 -29.676255	 -8.724923	 1.160405	 -0.192820	 -0.409737
 -3.497847	 -29.676448	 -8.725333	 1.160409	 -0.192781	 -0.409726
 -3.496687	 -29.676641	 -8.725742	 1.160414	 -0.192742	 -0.409715
 -3.495526	 -29.676834	 -8.726152	 1.160418	 -0.192703	 -0.409703
 -3.494366	 -29.677026	 -8.726562	 1.160423	 -0.192665	 -0.409692
 -3.493205	 -29.677219	 -8.726972	 1.160428	 -0.192626	 -0.409680
 -3.492045	 -29.677412	 -8.727381	 1.160432	 -0.192587	 -0.409669
 -3.490885	 -29.677604	 -8.727791	 1.160437	 -0.192548	 -0.409657
 -3.489724	 -29.677797	 -8.728201	 1.160441	 -0.192509	 -0.409646
 -3.488564	 -29.677989	 -8.728610	 1.160446	 -0.192470	 -0.409635
 -3.487403	 -29.678182	 -8.729020	 1.160450	 -0.192432	 -0.409623
 -3.486243	 -29.678374	 -8.729429	 1.160455	 -0.192393	 -0.409612
 -3.485082	 -29.678567	 -8.729839	 1.160460	 -0.192354	 -0.409600
 -3.483922	 -29.678759	 -8.730249	 1.160464	 -0.192315	 -0.409589
 -3.482761	 -29.678951	 -8.730658	 1.160469	 -0.192276	 -0.409578
 -3.481601	 -29.679144	 -8.731068	 1.160473	 -0.192237	 -0.409566
 -3.480440	 -29.679336	 -8.731477	 1.160478	 -0.192199	 -0.409555
 -3.479280	 -29.679528	 -8.731887	 1.160482	 -0.192160	 -0.409543
 -3.478119	 -29.679720	 -8.732296	 1.160487	 -0.192121	 -0.409532
 -3.476959	 -29.679912	 -8.732706	 1.160491	 -0.192082	 -0.409520
 -3.475799	 -29.680104	 -8.733116	 1.160496	 -0.192043	 -0.409509
 -3.474638	 -29.680296	 -8.733525	 1.160501	 -0.192004	 -0.409498
 -3.473478	 -29.680488	 -8.733935	 1.160505	 -0.191966	 -0.409486
 -3.472317	 -29.680680	 -8.734344	 1.160510	 -0.191927	 -0.409475
 -3.471157	 -29.680872	 -8.734753	 1.160514	 -0.191888	 -0.409463
 -3.469996	 -29.681064	 -8.735163	 1.160519	 -0.191849	 -0.409452
 -3.468835	 -29.681256	 -8.735572	 1.160523	 -0.191810	 -0.409440
 -3.467675	 -29.681448	 -8.735982	 1.160528	 -0.191772	 -0.409429
 -3.466514	 -29.681640	 -8.736391	 1.160532	 -0.191733	 -0.409418
 -3.465354	 -29.681831	 -8.736801	 1.160537	 -0.191694	 -0.409406
 -3.464193	 -29.682023	 -8.737210	 1.160541	 -0.191655	 -0.409395
 -3.463033	 -29.682215	 -8.737619	 1.160546	 -0.191616	 -0.409383
 -3.461872	 -29.682406	 -8.738029	 1.160550	 -0.191577	 -0.409372
 -3.460712	 -29.682598	 -8.738438	 1.160555	 -0.191539	 -0.409360
 -3.459551	 -29.682789	 -8.738848	 1.160559	 -0.191500	 -0.409349
 -3.458391	 -29.682981	 -8.739257	 1.160564	 -0.191461	 -0.409338
 -3.457230	 -29.683172	 -8.739666	 1.160569	 -0.191422	 -0.409326
 -3.456069	 -29.683364	 -8.740076	 1.160573	 -0.191383	 -0.409315
 -3.454909	 -29.683555	 -8.740485	 1.160578	 -0.191344	 -0.409303
 -3.453748	 -29.683747	 -8.740894	 1.160582	 -0.191306	 -0.409292
 -3.452588	 -29.683938	 -8.741304	 1.160587	 -0.191267	 -0.409280
 -3.451427	 -29.684129	 -8.741713	 1.160591	 -0.191228	 -0.409269
 -3.450267	 -29.684320	 -8.742122	 1.160596	 -0.191189	 -0.409258
 -3.449106	 -29.684512	 -8.742531	 1.160600	 -0.191150	 -0.409246
 -3.447945	 -29.684703	 -8.742941	 1.160605	 -0.191111	 -0.409235
 -3.446785	 -29.684894	 -8.743350	 1.160609	 -0.191073	 -0.409223
 -3.445624	 -29.685085	 -8.743759	 1.160614	 -0.191034	 -0.409212
 -3.444464	 -29.685276	 -8.744168	 1.160618	 -0.190995	 -0.409200
 -3.443303	 -29.685467	 -8.744577	 1.160623	 -0.190956	 -0.409189
 -3.442142	 -29.685658	 -8.744987	 1.160627	 -0.190917	 -0.409177
 -3.440982	 -29.685849	 -8.745396	 1.160632	 -0.190879	 -0.409166
 -3.439821	 -29.686040	 -8.745805	 1.160636	 -0.190840	 -0.409155
 -3.438660	 -29.686230	 -8.746214	 1.160641	 -0.190801	 -0.409143
 -3.437500	 -29.686421	 -8.746623	 1.160645	 -0.190762	 -0.409132
 -3.436339	 -29.686612	 -8.747032	 1.160650	 -0.190723	 -0.409120
 -3.435178	 -29.686803	 -8.747442	 1.160654	 -0.190684	 -0.409109
 -3.434018	 -29.686993	 -8.747851	 1.160659	 -0.190646	 -0.409097
 -3.432857	 -29.687184	 -8.748260	 1.160663	 -0.190607	 -0.409086
 -3.431696	 -29.687375	 -8.748669	 1.160668	 -0.190568	 -0.409075
 -3.430536	 -29.687565	 -8.749078	 1.160672	 -0.190529	 -0.409063
 -3.429375	 -29.687756	 -8.749487	 1.160677	 -0.190490	 -0.409052
 -3.428214	 -29.687946	 -8.749896	 1.160681	 -0.190452	 -0.409040
 -3.427054	 -29.688137	 -8.750305	 1.160686	 -0.190413	 -0.409029
 -3.425893	 -29.688327	 -8.750714	 1.160690	 -0.190374	 -0.409017
 -3.424732	 -29.688518	 -8.751123	 1.160695	 -0.190335	 -0.409006
 -3.423572	 -29.688708	 -8.751532	 1.160699	 -0.190296	 -0.408994
 -3.422411	 -29.688898	 -8.751941	 1.160704	 -0.190258	 -0.408983
 -3.421250	 -29.689088	 -8.752350	 1.160708	 -0.190219	 -0.408972
 -3.420090	 -29.689279	 -8.752759	 1.160712	 -0.190180	 -0.408960
 -3.418929	 -29.689469	 -8.753168	 1.160717	 -0.190141	 -0.408949
 -3.417768	 -29.689659	 -8.753577	 1.160721	 -0.190102	 -0.408937
 -3.416607	 -29.689849	 -8.753986	 1.160726	 -0.190063	 -0.408926
 -3.415447	 -29.690039	 -8.754395	 1.160730	 -0.190025	 -0.408914
 -3.414286	 -29.690229	 -8.754804	 1.160735	 -0.189986	 -0.408903
 -3.413125	 -29.690419	 -8.755213	 1.160739	 -0.189947	 -0.408892
 -3.411965	 -29.690609	 -8.755622	 1.160744	 -0.189908	 -0.408880
 -3.410804	 -29.690799	 -8.756030	 1.160748	 -0.189869	 -0.408869
 -3.409643	 -29.690989	 -8.756439	 1.160753	 -0.189831	 -0.408857
 -3.408482	 -29.691179	 -8.756848	 1.160757	 -0.189792	 -0.408846
 -3.407322	 -29.691368	 -8.757257	 1.160762	 -0.189753	 -0.408834
 -3.406161	 -29.691558	 -8.757666	 1.160766	 -0.189714	 -0.408823
 -3.405000	 -29.691748	 -8.758075	 1.160770	 -0.189675	 -0.408811
 -3.403839	 -29.691938	 -8.758483	 1.160775	 -0.189637	 -0.408800
 -3.402678	 -29.692127	 -8.758892	 1.160779	 -0.189598	 -0.408788
 -3.401518	 -29.692317	 -8.759301	 1.160784	 -0.189559	 -0.408777
 -3.400357	 -29.692506	 -8.759710	 1.160788	 -0.189520	 -0.408766
 -3.399196	 -29.692696	 -8.760119	 1.160793	 -0.189481	 -0.408754
 -3.398035	 -29.692885	 -8.760527	 1.160797	 -0.189443	 -0.408743
 -3.396875	 -29.693075	 -8.760936	 1.160802	 -0.189404	 -0.408731
 -3.395714	 -29.693264	 -8.761345	 1.160806	 -0.189365	 -0.408720
 -3.394553	 -29.693454	 -8.761754	 1.160810	 -0.189326	 -0.408708
 -3.393392	 -29.693643	 -8.762162	 1.160815	 -0.189287	 -0.408697
 -3.392231	 -29.693832	 -8.762571	 1.160819	 -0.189249	 -0.408685
 -3.391070	 -29.694021	 -8.762980	 1.160824	 -0.189210	 -0.408674
 -3.389910	 -29.694211	 -8.763388	 1.160828	 -0.189171	 -0.408663
 -3.388749	 -29.694400	 -8.763797	 1.160833	 -0.189132	 -0.408651
 -3.387588	 -29.694589	 -8.764206	 1.160837	 -0.189093	 -0.408640
 -3.386427	 -29.694778	 -8.764614	 1.160841	 -0.189055	 -0.408628
 -3.385266	 -29.694967	 -8.765023	 1.160846	 -0.189016	 -0.408617
 -3.384105	 -29.695156	 -8.765432	 1.160850	 -0.188977	 -0.408605
 -3.382945	 -29.695345	 -8.765840	 1.160855	 -0.188938	 -0.408594
 -3.381784	 -29.695534	 -8.766249	 1.160859	 -0.188899	 -0.408582
 -3.380623	 -29.695723	 -8.766657	 1.160864	 -0.188861	 -0.408571
 -3.379462	 -29.695912	 -8.767066	 1.160868	 -0.188822	 -0.408559
 -3.378301	 -29.696101	 -8.767474	 1.160872	 -0.188783	 -0.408548
 -3.377140	 -29.696289	 -8.767883	 1.160877	 -0.188744	 -0.408537
 -3.375979	 -29.696478	 -8.768292	 1.160881	 -0.188705	 -0.408525
 -3.374819	 -29.696667	 -8.768700	 1.160886	 -0.188667	 -0.408514
 -3.373658	 -29.696856	 -8.769109	 1.160890	 -0.188628	 -0.408502
 -3.372497	 -29.697044	 -8.769517	 1.160894	 -0.188589	 -0.408491
 -3.371336	 -29.697233	 -8.769926	 1.160899	 -0.188550	 -0.408479
 -3.370175	 -29.697421	 -8.770334	 1.160903	 -0.188511	 -0.408468
 -3.369014	 -29.697610	 -8.770742	 1.160908	 -0.188473	 -0.408456
 -3.367853	 -29.697798	 -8.771151	 1.160912	 -0.188434	 -0.408445
 -3.366692	 -29.697987	 -8.771559	 1.160916	 -0.188395	 -0.408433
 -3.365531	 -29.698175	 -8.771968	 1.160921	 -0.188356	 -0.408422
 -3.364370	 -29.698363	 -8.772376	 1.160925	 -0.188317	 -0.408411
 -3.363209	 -29.698552	 -8.772785	 1.160930	 -0.188279	 -0.408399
 -3.362049	 -29.698740	 -8.773193	 1.160934	 -0.188240	 -0.408388
 -3.360888	 -29.698928	 -8.773601	 1.160938	 -0.188201	 -0.408376
 -3.359727	 -29.699117	 -8.774010	 1.160943	 -0.188162	 -0.408365
 -3.358566	 -29.699305	 -8.774418	 1.160947	 -0.188123	 -0.408353
 -3.357405	 -29.699493	 -8.774827	 1.160952	 -0.188085	 -0.408342
 -3.356244	 -29.699681	 -8.775235	 1.160956	 -0.188046	 -0.408330
 -3.355083	 -29.699869	 -8.775643	 1.160960	 -0.188007	 -0.408319
 -3.353922	 -29.700057	 -8.776052	 1.160965	 -0.187968	 -0.408307
 -3.352761	 -29.700245	 -8.776460	 1.160969	 -0.187929	 -0.408296
 -3.351600	 -29.700433	 -8.776868	 1.160974	 -0.187891	 -0.408284
 -3.350439	 -29.700621	 -8.777276	 1.160978	 -0.187852	 -0.408273
 -3.349278	 -29.700809	 -8.777685	 1.160982	 -0.187813	 -0.408262
 -3.348117	 -29.700996	 -8.778093	 1.160987	 -0.187774	 -0.408250
 -3.346956	 -29.701184	 -8.778501	 1.160991	 -0.187736	 -0.408239
 -3.345795	 -29.701372	 -8.778909	 1.160995	 -0.187697	 -0.408227
 -3.344634	 -29.701560	 -8.779318	 1.161000	 -0.187658	 -0.408216
 -3.343473	 -29.701747	 -8.779726	 1.161004	 -0.187619	 -0.408204
 -3.342312	 -29.701935	 -8.780134	 1.161008	 -0.187580	 -0.408193
 -3.341151	 -29.702122	 -8.780542	 1.161013	 -0.187542	 -0.408181
 -3.339990	 -29.702310	 -8.780950	 1.161017	 -0.187503	 -0.408170
 -3.338829	 -29.702498	 -8.781359	 1.161022	 -0.187464	 -0.408158
 -3.337668	 -29.702685	 -8.781767	 1.161026	 -0.187425	 -0.408147
 -3.336507	 -29.702872	 -8.782175	 1.161030	 -0.187386	 -0.408135
 -3.335346	 -29.703060	 -8.782583	 1.161035	 -0.187348	 -0.408124
 -3.334185	 -29.703247	 -8.782991	 1.161039	 -0.187309	 -0.408113
 -3.333024	 -29.703434	 -8.783399	 1.161043	 -0.187270	 -0.408101
 -3.331863	 -29.703622	 -8.783807	 1.161048	 -0.187231	 -0.408090
 -3.330702	 -29.703809	 -8.784215	 1.161052	 -0.187193	 -0.408078
 -3.329541	 -29.703996	 -8.784624	 1.161056	 -0.187154	 -0.408067
 -3.328380	 -29.704183	 -8.785032	 1.161061	 -0.187115	 -0.408055
 -3.327219	 -29.704370	 -8.785440	 1.161065	 -0.187076	 -0.408044
 -3.326058	 -29.704557	 -8.785848	 1.161069	 -0.187037	 -0.408032
 -3.324896	 -29.704745	 -8.786256	 1.161074	 -0.186999	 -0.408021
 -3.323735	 -29.704932	 -8.786664	 1.161078	 -0.186960	 -0.408009
 -3.322574	 -29.705118	 -8.787072	 1.161082	 -0.186921	 -0.407998
 -3.321413	 -29.705305	 -8.787480	 1.161087	 -0.186882	 -0.407986
 -3.320252	 -29.705492	 -8.787888	 1.161091	 -0.186843	 -0.407975
 -3.319091	 -29.705679	 -8.788296	 1.161095	 -0.186805	 -0.407963
 -3.317930	 -29.705866	 -8.788704	 1.161100	 -0.186766	 -0.407952
 -3.316769	 -29.706053	 -8.789112	 1.161104	 -0.186727	 -0.407940
 -3.315608	 -29.706239	 -8.789520	 1.161108	 -0.186688	 -0.407929
 -3.314447	 -29.706426	 -8.789928	 1.161113	 -0.186650	 -0.407918
 -3.313286	 -29.706613	 -8.790335	 1.161117	 -0.186611	 -0.407906
 -3.312124	 -29.706799	 -8.790743	 1.161121	 -0.186572	 -0.407895
 -3.310963	 -29.706986	 -8.791151	 1.161126	 -0.186533	 -0.407883
 -3.309802	 -29.707172	 -8.791559	 1.161130	 -0.186495	 -0.407872
 -3.308641	 -29.707359	 -8.791967	 1.161134	 -0.186456	 -0.407860
 -3.307480	 -29.707545	 -8.792375	 1.161139	 -0.186417	 -0.407849
 -3.306319	 -29.707732	 -8.792783	 1.161143	 -0.186378	 -0.407837
 -3.305158	 -29.707918	 -8.793191	 1.161147	 -0.186339	 -0.407826
 -3.303996	 -29.708105	 -8.793598	 1.161152	 -0.186301	 -0.407814
 -3.302835	 -29.708291	 -8.794006	 1.161156	 -0.186262	 -0.407803
 -3.301674	 -29.708477	 -8.794414	 1.161160	 -0.186223	 -0.407791
 -3.300513	 -29.708663	 -8.794822	 1.161165	 -0.186184	 -0.407780
 -3.299352	 -29.708850	 -8.795230	 1.161169	 -0.186146	 -0.407768
 -3.298191	 -29.709036	 -8.795637	 1.161173	 -0.186107	 -0.407757
 -3.297030	 -29.709222	 -8.796045	 1.161178	 -0.186068	 -0.407745
 -3.295868	 -29.709408	 -8.796453	 1.161182	 -0.186029	 -0.407734
 -3.294707	 -29.709594	 -8.796861	 1.161186	 -0.185990	 -0.407722
 -3.293546	 -29.709780	 -8.797268	 1.161190	 -0.185952	 -0.407711
 -3.292385	 -29.709966	 -8.797676	 1.161195	 -0.185913	 -0.407699
 -3.291224	 -29.710152	 -8.798084	 1.161199	 -0.185874	 -0.407688
 -3.290062	 -29.710338	 -8.798491	 1.161203	 -0.185835	 -0.407676
 -3.288901	 -29.710523	 -8.798899	 1.161208	 -0.185797	 -0.407665
 -3.287740	 -29.710709	 -8.799307	 1.161212	 -0.185758	 -0.407654
 -3.286579	 -29.710895	 -8.799714	 1.161216	 -0.185719	 -0.407642
 -3.285418	 -29.711081	 -8.800122	 1.161220	 -0.185680	 -0.407631
 -3.284256	 -29.711266	 -8.800530	 1.161225	 -0.185642	 -0.407619
 -3.283095	 -29.711452	 -8.800937	 1.161229	 -0.185603	 -0.407608
 -3.281934	 -29.711638	 -8.801345	 1.161233	 -0.185564	 -0.407596
 -3.280773	 -29.711823	 -8.801752	 1.161238	 -0.185525	 -0.407585
 -3.279611	 -29.712009	 -8.802160	 1.161242	 -0.185486	 -0.407573
 -3.278450	 -29.712194	 -8.802568	 1.161246	 -0.185448	 -0.407562
 -3.277289	 -29.712380	 -8.802975	 1.161250	 -0.185409	 -0.407550
 -3.276128	 -29.712565	 -8.803383	 1.161255	 -0.185370	 -0.407539
 -3.274966	 -29.712750	 -8.803790	 1.161259	 -0.185331	 -0.407527
 -3.273805	 -29.712936	 -8.804198	 1.161263	 -0.185293	 -0.407516
 -3.272644	 -29.713121	 -8.804605	 1.161268	 -0.185254	 -0.407504
 -3.271483	 -29.713306	 -8.805013	 1.161272	 -0.185215	 -0.407493
 -3.270321	 -29.713492	 -8.805420	 1.161276	 -0.185176	 -0.407481
 -3.269160	 -29.713677	 -8.805828	 1.161280	 -0.185138	 -0.407470
 -3.267999	 -29.713862	 -8.806235	 1.161285	 -0.185099	 -0.407458
 -3.266837	 -29.714047	 -8.806643	 1.161289	 -0.185060	 -0.407447
 -3.265676	 -29.714232	 -8.807050	 1.161293	 -0.185021	 -0.407435
 -3.264515	 -29.714417	 -8.807458	 1.161297	 -0.184983	 -0.407424
 -3.263354	 -29.714602	 -8.807865	 1.161302	 -0.184944	 -0.407412
 -3.262192	 -29.714787	 -8.808272	 1.161306	 -0.184905	 -0.407401
 -3.261031	 -29.714972	 -8.808680	 1.161310	 -0.184866	 -0.407389
 -3.259870	 -29.715157	 -8.809087	 1.161314	 -0.184828	 -0.407378
 -3.258708	 -29.715342	 -8.809495	 1.161319	 -0.184789	 -0.407366
 -3.257547	 -29.715526	 -8.809902	 1.161323	 -0.184750	 -0.407355
 -3.256386	 -29.715711	 -8.810309	 1.161327	 -0.184711	 -0.407343
 -3.255224	 -29.715896	 -8.810717	 1.161331	 -0.184673	 -0.407332
 -3.254063	 -29.716080	 -8.811124	 1.161336	 -0.184634	 -0.407320
 -3.252902	 -29.716265	 -8.811531	 1.161340	 -0.184595	 -0.407309
 -3.251740	 -29.716450	 -8.811939	 1.161344	 -0.184556	 -0.407297
 -3.250579	 -29.716634	 -8.812346	 1.161348	 -0.184517	 -0.407286
 -3.249418	 -29.716819	 -8.812753	 1.161353	 -0.184479	 -0.407274
 -3.248256	 -29.717003	 -8.813161	 1.161357	 -0.184440	 -0.407263
 -3.247095	 -29.717188	 -8.813568	 1.161361	 -0.184401	 -0.407251
 -3.245934	 -29.717372	 -8.813975	 1.161365	 -0.184362	 -0.407240
 -3.244772	 -29.717556	 -8.814382	 1.161370	 -0.184324	 -0.407228
 -3.243611	 -29.717741	 -8.814790	 1.161374	 -0.184285	 -0.407217
 -3.242450	 -29.717925	 -8.815197	 1.161378	 -0.184246	 -0.407205
 -3.241288	 -29.718109	 -8.815604	 1.161382	 -0.184207	 -0.407194
 -3.240127	 -29.718294	 -8.816011	 1.161386	 -0.184169	 -0.407182
 -3.238965	 -29.718478	 -8.816418	 1.161391	 -0.184130	 -0.407171
 -3.237804	 -29.718662	 -8.816825	 1.161395	 -0.184091	 -0.407159
 -3.236643	 -29.718846	 -8.817233	 1.161399	 -0.184052	 -0.407148
 -3.235481	 -29.719030	 -8.817640	 1.161403	 -0.184014	 -0.407137
 -3.234320	 -29.719214	 -8.818047	 1.161408	 -0.183975	 -0.407125
 -3.233158	 -29.719398	 -8.818454	 1.161412	 -0.183936	 -0.407114
 -3.231997	 -29.719582	 -8.818861	 1.161416	 -0.183897	 -0.407102
 -3.230836	 -29.719766	 -8.819268	 1.161420	 -0.183859	 -0.407091
 -3.229674	 -29.719950	 -8.819675	 1.161424	 -0.183820	 -0.407079
 -3.228513	 -29.720133	 -8.820082	 1.161429	 -0.183781	 -0.407068
 -3.227351	 -29.720317	 -8.820489	 1.161433	 -0.183742	 -0.407056
 -3.226190	 -29.720501	 -8.820897	 1.161437	 -0.183704	 -0.407045
 -3.225028	 -29.720685	 -8.821304	 1.161441	 -0.183665	 -0.407033
 -3.223867	 -29.720868	 -8.821711	 1.161446	 -0.183626	 -0.407022
 -3.222706	 -29.721052	 -8.822118	 1.161450	 -0.183587	 -0.407010
 -3.221544	 -29.721236	 -8.822525	 1.161454	 -0.183549	 -0.406999
 -3.220383	 -29.721419	 -8.822932	 1.161458	 -0.183510	 -0.406987
 -3.219221	 -29.721603	 -8.823339	 1.161462	 -0.183471	 -0.406976
 -3.218060	 -29.721786	 -8.823746	 1.161467	 -0.183432	 -0.406964
 -3.216898	 -29.721970	 -8.824153	 1.161471	 -0.183394	 -0.406953
 -3.215737	 -29.722153	 -8.824560	 1.161475	 -0.183355	 -0.406941
 -3.214575	 -29.722336	 -8.824966	 1.161479	 -0.183316	 -0.406930
 -3.213414	 -29.722520	 -8.825373	 1.161483	 -0.183278	 -0.406918
 -3.212252	 -29.722703	 -8.825780	 1.161487	 -0.183239	 -0.406906
 -3.211091	 -29.722886	 -8.826187	 1.161492	 -0.183200	 -0.406895
 -3.209929	 -29.723069	 -8.826594	 1.161496	 -0.183161	 -0.406883
 -3.208768	 -29.723252	 -8.827001	 1.161500	 -0.183123	 -0.406872
 -3.207606	 -29.723436	 -8.827408	 1.161504	 -0.183084	 -0.406860
 -3.206445	 -29.723619	 -8.827815	 1.161508	 -0.183045	 -0.406849
 -3.205283	 -29.723802	 -8.828222	 1.161513	 -0.183006	 -0.406837
 -3.204122	 -29.723985	 -8.828628	 1.161517	 -0.182968	 -0.406826
 -3.202960	 -29.724168	 -8.829035	 1.161521	 -0.182929	 -0.406814
 -3.201799	 -29.724351	 -8.829442	 1.161525	 -0.182890	 -0.406803
 -3.200637	 -29.724534	 -8.829849	 1.161529	 -0.182851	 -0.406791
 -3.199476	 -29.724716	 -8.830256	 1.161533	 -0.182813	 -0.406780
 -3.198314	 -29.724899	 -8.830662	 1.161538	 -0.182774	 -0.406768
 -3.197153	 -29.725082	 -8.831069	 1.161542	 -0.182735	 -0.406757
 -3.195991	 -29.725265	 -8.831476	 1.161546	 -0.182696	 -0.406745
 -3.194830	 -29.725447	 -8.831883	 1.161550	 -0.182658	 -0.406734
 -3.193668	 -29.725630	 -8.832289	 1.161554	 -0.182619	 -0.406722
 -3.192506	 -29.725813	 -8.832696	 1.161558	 -0.182580	 -0.406711
 -3.191345	 -29.725995	 -8.833103	 1.161563	 -0.182541	 -0.406699
 -3.190183	 -29.726178	 -8.833510	 1.161567	 -0.182503	 -0.406688
 -3.189022	 -29.726360	 -8.833916	 1.161571	 -0.182464	 -0.406676
 -3.187860	 -29.726543	 -8.834323	 1.161575	 -0.182425	 -0.406665
 -3.186699	 -29.726725	 -8.834730	 1.161579	 -0.182387	 -0.406653
 -3.185537	 -29.726908	 -8.835136	 1.161583	 -0.182348	 -0.406642
 -3.184375	 -29.727090	 -8.835543	 1.161588	 -0.182309	 -0.406630
 -3.183214	 -29.727272	 -8.835950	 1.161592	 -0.182270	 -0.406619
 -3.182052	 -29.727455	 -8.836356	 1.161596	 -0.182232	 -0.406607
 -3.180891	 -29.727637	 -8.836763	 1.161600	 -0.182193	 -0.406596
 -3.179729	 -29.727819	 -8.837169	 1.161604	 -0.182154	 -0.406584
 -3.178567	 -29.728001	 -8.837576	 1.161608	 -0.182115	 -0.406573
 -3.177406	 -29.728183	 -8.837983	 1.161612	 -0.182077	 -0.406561
 -3.176244	 -29.728365	 -8.838389	 1.161617	 -0.182038	 -0.406550
 -3.175083	 -29.728547	 -8.838796	 1.161621	 -0.181999	 -0.406538
 -3.173921	 -29.728729	 -8.839202	 1.161625	 -0.181960	 -0.406527
 -3.172759	 -29.728911	 -8.839609	 1.161629	 -0.181922	 -0.406515
 -3.171598	 -29.729093	 -8.840015	 1.161633	 -0.181883	 -0.406504
 -3.170436	 -29.729275	 -8.840422	 1.161637	 -0.181844	 -0.406492
 -3.169275	 -29.729457	 -8.840828	 1.161641	 -0.181806	 -0.406481
 -3.168113	 -29.729639	 -8.841235	 1.161645	 -0.181767	 -0.406469
 -3.166951	 -29.729820	 -8.841641	 1.161650	 -0.181728	 -0.406458
 -3.165790	 -29.730002	 -8.842048	 1.161654	 -0.181689	 -0.406446
 -3.164628	 -29.730184	 -8.842454	 1.161658	 -0.181651	 -0.406435
 -3.163466	 -29.730366	 -8.842860	 1.161662	 -0.181612	 -0.406423
 -3.162305	 -29.730547	 -8.843267	 1.161666	 -0.181573	 -0.406412
 -3.161143	 -29.730729	 -8.843673	 1.161670	 -0.181535	 -0.406400
 -3.159981	 -29.730910	 -8.844080	 1.161674	 -0.181496	 -0.406388
 -3.158820	 -29.731092	 -8.844486	 1.161678	 -0.181457	 -0.406377
 -3.157658	 -29.731273	 -8.844892	 1.161683	 -0.181418	 -0.406365
 -3.156496	 -29.731455	 -8.845299	 1.161687	 -0.181380	 -0.406354
 -3.155335	 -29.731636	 -8.845705	 1.161691	 -0.181341	 -0.406342
 -3.154173	 -29.731817	 -8.846112	 1.161695	 -0.181302	 -0.406331
 -3.153011	 -29.731999	 -8.846518	 1.161699	 -0.181263	 -0.406319
 -3.151849	 -29.732180	 -8.846924	 1.161703	 -0.181225	 -0.406308
 -3.150688	 -29.732361	 -8.847331	 1.161707	 -0.181186	 -0.406296
 -3.149526	 -29.732542	 -8.847737	 1.161711	 -0.181147	 -0.406285
 -3.148364	 -29.732723	 -8.848143	 1.161715	 -0.181109	 -0.406273
 -3.147203	 -29.732905	 -8.848549	 1.161719	 -0.181070	 -0.406262
 -3.146041	 -29.733086	 -8.848956	 1.161724	 -0.181031	 -0.406250
 -3.144879	 -29.733267	 -8.849362	 1.161728	 -0.180992	 -0.406239
 -3.143717	 -29.733448	 -8.849768	 1.161732	 -0.180954	 -0.406227
 -3.142556	 -29.733629	 -8.850174	 1.161736	 -0.180915	 -0.406216
 -3.141394	 -29.733810	 -8.850581	 1.161740	 -0.180876	 -0.406204
 -3.140232	 -29.733990	 -8.850987	 1.161744	 -0.180838	 -0.406193
 -3.139071	 -29.734171	 -8.851393	 1.161748	 -0.180799	 -0.406181
 -3.137909	 -29.734352	 -8.851799	 1.161752	 -0.180760	 -0.406170
 -3.136747	 -29.734533	 -8.852205	 1.161756	 -0.180721	 -0.406158
 -3.135585	 -29.734714	 -8.852611	 1.161760	 -0.180683	 -0.406147
 -3.134423	 -29.734894	 -8.853018	 1.161764	 -0.180644	 -0.406135
 -3.133262	 -29.735075	 -8.853424	 1.161769	 -0.180605	 -0.406123
 -3.132100	 -29.735255	 -8.853830	 1.161773	 -0.180567	 -0.406112
 -3.130938	 -29.735436	 -8.854236	 1.161777	 -0.180528	 -0.406100
 -3.129776	 -29.735617	 -8.854642	 1.161781	 -0.180489	 -0.406089
 -3.128615	 -29.735797	 -8.855048	 1.161785	 -0.180450	 -0.406077
 -3.127453	 -29.735978	 -8.855454	 1.161789	 -0.180412	 -0.406066
 -3.126291	 -29.736158	 -8.855860	 1.161793	 -0.180373	 -0.406054
 -3.125129	 -29.736338	 -8.856266	 1.161797	 -0.180334	 -0.406043
 -3.123967	 -29.736519	 -8.856672	 1.161801	 -0.180296	 -0.406031
 -3.122806	 -29.736699	 -8.857078	 1.161805	 -0.180257	 -0.406020
 -3.121644	 -29.736879	 -8.857484	 1.161809	 -0.180218	 -0.406008
 -3.120482	 -29.737059	 -8.857890	 1.161813	 -0.180179	 -0.405997
 -3.119320	 -29.737240	 -8.858296	 1.161817	 -0.180141	 -0.405985
 -3.118158	 -29.737420	 -8.858702	 1.161821	 -0.180102	 -0.405974
 -3.116997	 -29.737600	 -8.859108	 1.161826	 -0.180063	 -0.405962
 -3.115835	 -29.737780	 -8.859514	 1.161830	 -0.180025	 -0.405951
 -3.114673	 -29.737960	 -8.859920	 1.161834	 -0.179986	 -0.405939
 -3.113511	 -29.738140	 -8.860326	 1.161838	 -0.179947	 -0.405927
 -3.112349	 -29.738320	 -8.860732	 1.161842	 -0.179908	 -0.405916
 -3.111187	 -29.738500	 -8.861138	 1.161846	 -0.179870	 -0.405904
 -3.110026	 -29.738680	 -8.861544	 1.161850	 -0.179831	 -0.405893
 -3.108864	 -29.738859	 -8.861950	 1.161854	 -0.179792	 -0.405881
 -3.107702	 -29.739039	 -8.862356	 1.161858	 -0.179754	 -0.405870
 -3.106540	 -29.739219	 -8.862762	 1.161862	 -0.179715	 -0.405858
 -3.105378	 -29.739399	 -8.863168	 1.161866	 -0.179676	 -0.405847
 -3.104216	 -29.739578	 -8.863573	 1.161870	 -0.179637	 -0.405835
 -3.103054	 -29.739758	 -8.863979	 1.161874	 -0.179599	 -0.405824
 -3.101893	 -29.739938	 -8.864385	 1.161878	 -0.179560	 -0.405812
 -3.100731	 -29.740117	 -8.864791	 1.161882	 -0.179521	 -0.405801
 -3.099569	 -29.740297	 -8.865197	 1.161886	 -0.179483	 -0.405789
 -3.098407	 -29.740476	 -8.865602	 1.161890	 -0.179444	 -0.405777
 -3.097245	 -29.740656	 -8.866008	 1.161894	 -0.179405	 -0.405766
 -3.096083	 -29.740835	 -8.866414	 1.161898	 -0.179367	 -0.405754
 -3.094921	 -29.741014	 -8.866820	 1.161902	 -0.179328	 -0.405743
 -3.093759	 -29.741194	 -8.867225	 1.161906	 -0.179289	 -0.405731
 -3.092597	 -29.741373	 -8.867631	 1.161910	 -0.179250	 -0.405720
 -3.091435	 -29.741552	 -8.868037	 1.161914	 -0.179212	 -0.405708
 -3.090274	 -29.741731	 -8.868443	 1.161918	 -0.179173	 -0.405697
 -3.089112	 -29.741911	 -8.868848	 1.161922	 -0.179134	 -0.405685
 -3.087950	 -29.742090	 -8.869254	 1.161927	 -0.179096	 -0.405674
 -3.086788	 -29.742269	 -8.869660	 1.161931	 -0.179057	 -0.405662
 -3.085626	 -29.742448	 -8.870065	 1.161935	 -0.179018	 -0.405651
 -3.084464	 -29.742627	 -8.870471	 1.161939	 -0.178980	 -0.405639
 -3.083302	 -29.742806	 -8.870877	 1.161943	 -0.178941	 -0.405627
 -3.082140	 -29.742985	 -8.871282	 1.161947	 -0.178902	 -0.405616
 -3.080978	 -29.743164	 -8.871688	 1.161951	 -0.178863	 -0.405604
 -3.079816	 -29.743343	 -8.872093	 1.161955	 -0.178825	 -0.405593
 -3.078654	 -29.743521	 -8.872499	 1.161959	 -0.178786	 -0.405581
 -3.077492	 -29.743700	 -8.872905	 1.161963	 -0.178747	 -0.405570
 -3.076330	 -29.743879	 -8.873310	 1.161967	 -0.178709	 -0.405558
 -3.075168	 -29.744058	 -8.873716	 1.161971	 -0.178670	 -0.405547
 -3.074006	 -29.744236	 -8.874121	 1.161975	 -0.178631	 -0.405535
 -3.072844	 -29.744415	 -8.874527	 1.161979	 -0.178593	 -0.405524
 -3.071682	 -29.744594	 -8.874932	 1.161983	 -0.178554	 -0.405512
 -3.070520	 -29.744772	 -8.875338	 1.161987	 -0.178515	 -0.405501
 -3.069358	 -29.744951	 -8.875743	 1.161991	 -0.178477	 -0.405489
 -3.068196	 -29.745129	 -8.876149	 1.161995	 -0.178438	 -0.405477
 -3.067034	 -29.745308	 -8.876554	 1.161999	 -0.178399	 -0.405466
 -3.065872	 -29.745486	 -8.876960	 1.162003	 -0.178360	 -0.405454
 -3.064710	 -29.745664	 -8.877365	 1.162007	 -0.178322	 -0.405443
 -3.063548	 -29.745843	 -8.877771	 1.162011	 -0.178283	 -0.405431
 -3.062386	 -29.746021	 -8.878176	 1.162015	 -0.178244	 -0.405420
 -3.061224	 -29.746199	 -8.878582	 1.162019	 -0.178206	 -0.405408
 -3.060062	 -29.746377	 -8.878987	 1.162022	 -0.178167	 -0.405397
 -3.058900	 -29.746556	 -8.879392	 1.162026	 -0.178128	 -0.405385
 -3.057738	 -29.746734	 -8.879798	 1.162030	 -0.178090	 -0.405373
 -3.056576	 -29.746912	 -8.880203	 1.162034	 -0.178051	 -0.405362
 -3.055414	 -29.747090	 -8.880609	 1.162038	 -0.178012	 -0.405350
 -3.054252	 -29.747268	 -8.881014	 1.162042	 -0.177974	 -0.405339
 -3.053090	 -29.747446	 -8.881419	 1.162046	 -0.177935	 -0.405327
 -3.051928	 -29.747624	 -8.881825	 1.162050	 -0.177896	 -0.405316
 -3.050766	 -29.747802	 -8.882230	 1.162054	 -0.177857	 -0.405304
 -3.049604	 -29.747980	 -8.882635	 1.162058	 -0.177819	 -0.405293
 -3.048442	 -29.748157	 -8.883040	 1.162062	 -0.177780	 -0.405281
 -3.047280	 -29.748335	 -8.883446	 1.162066	 -0.177741	 -0.405270
 -3.046118	 -29.748513	 -8.883851	 1.162070	 -0.177703	 -0.405258
 -3.044956	 -29.748691	 -8.884256	 1.162074	 -0.177664	 -0.405246
 -3.043794	 -29.748868	 -8.884661	 1.162078	 -0.177625	 -0.405235
 -3.042632	 -29.749046	 -8.885067	 1.162082	 -0.177587	 -0.405223
 -3.041470	 -29.749223	 -8.885472	 1.162086	 -0.177548	 -0.405212
 -3.040307	 -29.749401	 -8.885877	 1.162090	 -0.177509	 -0.405200
 -3.039145	 -29.749579	 -8.886282	 1.162094	 -0.177471	 -0.405189
 -3.037983	 -29.749756	 -8.886688	 1.162098	 -0.177432	 -0.405177
 -3.036821	 -29.749933	 -8.887093	 1.162102	 -0.177393	 -0.405166
 -3.035659	 -29.750111	 -8.887498	 1.162106	 -0.177355	 -0.405154
 -3.034497	 -29.750288	 -8.887903	 1.162110	 -0.177316	 -0.405142
 -3.033335	 -29.750465	 -8.888308	 1.162114	 -0.177277	 -0.405131
 -3.032173	 -29.750643	 -8.888713	 1.162118	 -0.177239	 -0.405119
 -3.031011	 -29.750820	 -8.889118	 1.162122	 -0.177200	 -0.405108
 -3.029849	 -29.750997	 -8.889524	 1.162125	 -0.177161	 -0.405096
 -3.028686	 -29.751174	 -8.889929	 1.162129	 -0.177123	 -0.405085
 -3.027524	 -29.751351	 -8.890334	 1.162133	 -0.177084	 -0.405073
 -3.026362	 -29.751529	 -8.890739	 1.162137	 -0.177045	 -0.405062
 -3.025200	 -29.751706	 -8.891144	 1.162141	 -0.177006	 -0.405050
 -3.024038	 -29.751883	 -8.891549	 1.162145	 -0.176968	 -0.405038
 -3.022876	 -29.752060	 -8.891954	 1.162149	 -0.176929	 -0.405027
 -3.021714	 -29.752237	 -8.892359	 1.162153	 -0.176890	 -0.405015
 -3.020551	 -29.752413	 -8.892764	 1.162157	 -0.176852	 -0.405004
 -3.019389	 -29.752590	 -8.893169	 1.162161	 -0.176813	 -0.404992
 -3.018227	 -29.752767	 -8.893574	 1.162165	 -0.176774	 -0.404981
 -3.017065	 -29.752944	 -8.893979	 1.162169	 -0.176736	 -0.404969
 -3.015903	 -29.753121	 -8.894384	 1.162173	 -0.176697	 -0.404958
 -3.014741	 -29.753297	 -8.894789	 1.162177	 -0.176658	 -0.404946
 -3.013578	 -29.753474	 -8.895194	 1.162180	 -0.176620	 -0.404934
 -3.012416	 -29.753651	 -8.895599	 1.162184	 -0.176581	 -0.404923
 -3.011254	 -29.753827	 -8.896004	 1.162188	 -0.176542	 -0.404911
 -3.010092	 -29.754004	 -8.896409	 1.162192	 -0.176504	 -0.404900
 -3.008930	 -29.754180	 -8.896814	 1.162196	 -0.176465	 -0.404888
 -3.007767	 -29.754357	 -8.897218	 1.162200	 -0.176426	 -0.404877
 -3.006605	 -29.754533	 -8.897623	 1.162204	 -0.176388	 -0.404865
 -3.005443	 -29.754709	 -8.898028	 1.162208	 -0.176349	 -0.404853
 -3.004281	 -29.754886	 -8.898433	 1.162212	 -0.176310	 -0.404842
 -3.003119	 -29.755062	 -8.898838	 1.162216	 -0.176272	 -0.404830
 -3.001956	 -29.755238	 -8.899243	 1.162220	 -0.176233	 -0.404819
 -3.000794	 -29.755415	 -8.899647	 1.162223	 -0.176194	 -0.404807
 -2.999632	 -29.755591	 -8.900052	 1.162227	 -0.176156	 -0.404796
 -2.998470	 -29.755767	 -8.900457	 1.162231	 -0.176117	 -0.404784
 -2.997308	 -29.755943	 -8.900862	 1.162235	 -0.176078	 -0.404772
 -2.996145	 -29.756119	 -8.901267	 1.162239	 -0.176040	 -0.404761
 -2.994983	 -29.756295	 -8.901671	 1.162243	 -0.176001	 -0.404749
 -2.993821	 -29.756471	 -8.902076	 1.162247	 -0.175962	 -0.404738
 -2.992659	 -29.756647	 -8.902481	 1.162251	 -0.175924	 -0.404726
 -2.991496	 -29.756823	 -8.902886	 1.162255	 -0.175885	 -0.404715
 -2.990334	 -29.756999	 -8.903290	 1.162259	 -0.175846	 -0.404703
 -2.989172	 -29.757175	 -8.903695	 1.162262	 -0.175808	 -0.404692
 -2.988010	 -29.757351	 -8.904100	 1.162266	 -0.175769	 -0.404680
 -2.986847	 -29.757526	 -8.904504	 1.162270	 -0.175730	 -0.404668
 -2.985685	 -29.757702	 -8.904909	 1.162274	 -0.175692	 -0.404657
 -2.984523	 -29.757878	 -8.905314	 1.162278	 -0.175653	 -0.404645
 -2.983360	 -29.758053	 -8.905718	 1.162282	 -0.175614	 -0.404634
 -2.982198	 -29.758229	 -8.906123	 1.162286	 -0.175576	 -0.404622
 -2.981036	 -29.758405	 -8.906528	 1.162290	 -0.175537	 -0.404611
 -2.979874	 -29.758580	 -8.906932	 1.162293	 -0.175498	 -0.404599
 -2.978711	 -29.758756	 -8.907337	 1.162297	 -0.175460	 -0.404587
 -2.977549	 -29.758931	 -8.907741	 1.162301	 -0.175421	 -0.404576
 -2.976387	 -29.759107	 -8.908146	 1.162305	 -0.175382	 -0.404564
 -2.975224	 -29.759282	 -8.908551	 1.162309	 -0.175344	 -0.404553
 -2.974062	 -29.759457	 -8.908955	 1.162313	 -0.175305	 -0.404541
 -2.972900	 -29.759633	 -8.909360	 1.162317	 -0.175266	 -0.404530
 -2.971737	 -29.759808	 -8.909764	 1.162320	 -0.175228	 -0.404518
 -2.970575	 -29.759983	 -8.910169	 1.162324	 -0.175189	 -0.404506
 -2.969413	 -29.760158	 -8.910573	 1.162328	 -0.175150	 -0.404495
 -2.968250	 -29.760333	 -8.910978	 1.162332	 -0.175112	 -0.404483
 -2.967088	 -29.760509	 -8.911382	 1.162336	 -0.175073	 -0.404472
 -2.965926	 -29.760684	 -8.911787	 1.162340	 -0.175034	 -0.404460
 -2.964763	 -29.760859	 -8.912191	 1.162344	 -0.174996	 -0.404448
 -2.963601	 -29.761034	 -8.912596	 1.162347	 -0.174957	 -0.404437
 -2.962439	 -29.761209	 -8.913000	 1.162351	 -0.174918	 -0.404425
 -2.961276	 -29.761384	 -8.913404	 1.162355	 -0.174880	 -0.404414
 -2.960114	 -29.761558	 -8.913809	 1.162359	 -0.174841	 -0.404402
 -2.958952	 -29.761733	 -8.914213	 1.162363	 -0.174803	 -0.404391
 -2.957789	 -29.761908	 -8.914618	 1.162367	 -0.174764	 -0.404379
 -2.956627	 -29.762083	 -8.915022	 1.162371	 -0.174725	 -0.404367
 -2.955465	 -29.762258	 -8.915426	 1.162374	 -0.174687	 -0.404356
 -2.954302	 -29.762432	 -8.915831	 1.162378	 -0.174648	 -0.404344
 -2.953140	 -29.762607	 -8.916235	 1.162382	 -0.174609	 -0.404333
