 18.382314	 -7.257219	 -3.438458	 0.564059	 0.761487	 0.291651
 18.382878	 -7.256457	 -3.438167	 0.563969	 0.761523	 0.291668
 18.383442	 -7.255696	 -3.437875	 0.563879	 0.761558	 0.291685
 18.384006	 -7.254934	 -3.437583	 0.563789	 0.761594	 0.291702
 18.384570	 -7.254172	 -3.437292	 0.563699	 0.761629	 0.291718
 18.385134	 -7.253411	 -3.437000	 0.563609	 0.761665	 0.291735
 18.385697	 -7.252649	 -3.436708	 0.563519	 0.761700	 0.291752
 18.386261	 -7.251887	 -3.436416	 0.563429	 0.761736	 0.291769
 18.386824	 -7.251126	 -3.436125	 0.563339	 0.761771	 0.291786
 18.387387	 -7.250364	 -3.435833	 0.563249	 0.761807	 0.291803
 18.387951	 -7.249602	 -3.435541	 0.563159	 0.761842	 0.291819
 18.388514	 -7.248840	 -3.435249	 0.563070	 0.761877	 0.291836
 18.389077	 -7.248078	 -3.434957	 0.562980	 0.761913	 0.291853
 18.389640	 -7.247316	 -3.434666	 0.562890	 0.761948	 0.291870
 18.390203	 -7.246554	 -3.434374	 0.562800	 0.761984	 0.291886
 18.390766	 -7.245793	 -3.434082	 0.562710	 0.762019	 0.291903
 18.391328	 -7.245030	 -3.433790	 0.562620	 0.762055	 0.291920
 18.391891	 -7.244268	 -3.433498	 0.562530	 0.762090	 0.291937
 18.392453	 -7.243506	 -3.433206	 0.562440	 0.762125	 0.291954
 18.393016	 -7.242744	 -3.432914	 0.562350	 0.762161	 0.291970
 18.393578	 -7.241982	 -3.432622	 0.562260	 0.762196	 0.291987
 18.394140	 -7.241220	 -3.432330	 0.562171	 0.762232	 0.292004
 18.394703	 -7.240458	 -3.432038	 0.562081	 0.762267	 0.292021
 18.395265	 -7.239695	 -3.431746	 0.561991	 0.762302	 0.292038
 18.395827	 -7.238933	 -3.431454	 0.561901	 0.762338	 0.292054
 18.396389	 -7.238171	 -3.431162	 0.561811	 0.762373	 0.292071
 18.396950	 -7.237408	 -3.430870	 0.561721	 0.762409	 0.292088
 18.397512	 -7.236646	 -3.430578	 0.561631	 0.762444	 0.292105
 18.398074	 -7.235884	 -3.430286	 0.561541	 0.762479	 0.292121
 18.398635	 -7.235121	 -3.429994	 0.561451	 0.762515	 0.292138
 18.399197	 -7.234359	 -3.429702	 0.561361	 0.762550	 0.292155
 18.399758	 -7.233596	 -3.429409	 0.561271	 0.762585	 0.292172
 18.400319	 -7.232833	 -3.429117	 0.561182	 0.762621	 0.292188
 18.400881	 -7.232071	 -3.428825	 0.561092	 0.762656	 0.292205
 18.401442	 -7.231308	 -3.428533	 0.561002	 0.762691	 0.292222
 18.402003	 -7.230545	 -3.428241	 0.560912	 0.762727	 0.292239
 18.402564	 -7.229783	 -3.427948	 0.560822	 0.762762	 0.292255
 18.403124	 -7.229020	 -3.427656	 0.560732	 0.762797	 0.292272
 18.403685	 -7.228257	 -3.427364	 0.560642	 0.762833	 0.292289
 18.404246	 -7.227494	 -3.427072	 0.560552	 0.762868	 0.292306
 18.404806	 -7.226731	 -3.426779	 0.560462	 0.762903	 0.292322
 18.405367	 -7.225969	 -3.426487	 0.560372	 0.762939	 0.292339
 18.405927	 -7.225206	 -3.426195	 0.560282	 0.762974	 0.292356
 18.406487	 -7.224443	 -3.425902	 0.560193	 0.763009	 0.292373
 18.407048	 -7.223680	 -3.425610	 0.560103	 0.763044	 0.292389
 18.407608	 -7.222917	 -3.425317	 0.560013	 0.763080	 0.292406
 18.408168	 -7.222153	 -3.425025	 0.559923	 0.763115	 0.292423
 18.408728	 -7.221390	 -3.424733	 0.559833	 0.763150	 0.292440
 18.409288	 -7.220627	 -3.424440	 0.559743	 0.763186	 0.292456
 18.409847	 -7.219864	 -3.424148	 0.559653	 0.763221	 0.292473
 18.410407	 -7.219101	 -3.423855	 0.559563	 0.763256	 0.292490
 18.410967	 -7.218338	 -3.423563	 0.559473	 0.763291	 0.292506
 18.411526	 -7.217574	 -3.423270	 0.559383	 0.763327	 0.292523
 18.412085	 -7.216811	 -3.422978	 0.559293	 0.763362	 0.292540
 18.412645	 -7.216048	 -3.422685	 0.559203	 0.763397	 0.292557
 18.413204	 -7.215284	 -3.422393	 0.559114	 0.763432	 0.292573
 18.413763	 -7.214521	 -3.422100	 0.559024	 0.763468	 0.292590
 18.414322	 -7.213757	 -3.421807	 0.558934	 0.763503	 0.292607
 18.414881	 -7.212994	 -3.421515	 0.558844	 0.763538	 0.292623
 18.415440	 -7.212230	 -3.421222	 0.558754	 0.763573	 0.292640
 18.415999	 -7.211467	 -3.420930	 0.558664	 0.763608	 0.292657
 18.416557	 -7.210703	 -3.420637	 0.558574	 0.763644	 0.292674
 18.417116	 -7.209939	 -3.420344	 0.558484	 0.763679	 0.292690
 18.417674	 -7.209176	 -3.420052	 0.558394	 0.763714	 0.292707
 18.418233	 -7.208412	 -3.419759	 0.558304	 0.763749	 0.292724
 18.418791	 -7.207648	 -3.419466	 0.558214	 0.763784	 0.292740
 18.419349	 -7.206884	 -3.419173	 0.558125	 0.763820	 0.292757
 18.419907	 -7.206121	 -3.418881	 0.558035	 0.763855	 0.292774
 18.420465	 -7.205357	 -3.418588	 0.557945	 0.763890	 0.292790
 18.421023	 -7.204593	 -3.418295	 0.557855	 0.763925	 0.292807
 18.421581	 -7.203829	 -3.418002	 0.557765	 0.763960	 0.292824
 18.422139	 -7.203065	 -3.417709	 0.557675	 0.763996	 0.292840
 18.422697	 -7.202301	 -3.417417	 0.557585	 0.764031	 0.292857
 18.423254	 -7.201537	 -3.417124	 0.557495	 0.764066	 0.292874
 18.423812	 -7.200773	 -3.416831	 0.557405	 0.764101	 0.292891
 18.424369	 -7.200009	 -3.416538	 0.557315	 0.764136	 0.292907
 18.424926	 -7.199245	 -3.416245	 0.557225	 0.764171	 0.292924
 18.425484	 -7.198481	 -3.415952	 0.557135	 0.764206	 0.292941
 18.426041	 -7.197716	 -3.415659	 0.557046	 0.764242	 0.292957
 18.426598	 -7.196952	 -3.415366	 0.556956	 0.764277	 0.292974
 18.427155	 -7.196188	 -3.415073	 0.556866	 0.764312	 0.292991
 18.427712	 -7.195423	 -3.414780	 0.556776	 0.764347	 0.293007
 18.428268	 -7.194659	 -3.414487	 0.556686	 0.764382	 0.293024
 18.428825	 -7.193895	 -3.414194	 0.556596	 0.764417	 0.293041
 18.429382	 -7.193130	 -3.413901	 0.556506	 0.764452	 0.293057
 18.429938	 -7.192366	 -3.413608	 0.556416	 0.764487	 0.293074
 18.430495	 -7.191601	 -3.413315	 0.556326	 0.764522	 0.293090
 18.431051	 -7.190837	 -3.413022	 0.556236	 0.764557	 0.293107
 18.431607	 -7.190072	 -3.412729	 0.556146	 0.764593	 0.293124
 18.432163	 -7.189308	 -3.412436	 0.556056	 0.764628	 0.293140
 18.432719	 -7.188543	 -3.412143	 0.555966	 0.764663	 0.293157
 18.433275	 -7.187778	 -3.411849	 0.555877	 0.764698	 0.293174
 18.433831	 -7.187014	 -3.411556	 0.555787	 0.764733	 0.293190
 18.434387	 -7.186249	 -3.411263	 0.555697	 0.764768	 0.293207
 18.434943	 -7.185484	 -3.410970	 0.555607	 0.764803	 0.293224
 18.435498	 -7.184719	 -3.410677	 0.555517	 0.764838	 0.293240
 18.436054	 -7.183955	 -3.410383	 0.555427	 0.764873	 0.293257
 18.436609	 -7.183190	 -3.410090	 0.555337	 0.764908	 0.293274
 18.437165	 -7.182425	 -3.409797	 0.555247	 0.764943	 0.293290
 18.437720	 -7.181660	 -3.409504	 0.555157	 0.764978	 0.293307
 18.438275	 -7.180895	 -3.409210	 0.555067	 0.765013	 0.293323
 18.438830	 -7.180130	 -3.408917	 0.554977	 0.765048	 0.293340
 18.439385	 -7.179365	 -3.408624	 0.554887	 0.765083	 0.293357
 18.439940	 -7.178600	 -3.408330	 0.554798	 0.765118	 0.293373
 18.440495	 -7.177835	 -3.408037	 0.554708	 0.765153	 0.293390
 18.441049	 -7.177069	 -3.407744	 0.554618	 0.765188	 0.293407
 18.441604	 -7.176304	 -3.407450	 0.554528	 0.765223	 0.293423
 18.442159	 -7.175539	 -3.407157	 0.554438	 0.765258	 0.293440
 18.442713	 -7.174774	 -3.406863	 0.554348	 0.765293	 0.293456
 18.443267	 -7.174009	 -3.406570	 0.554258	 0.765328	 0.293473
 18.443822	 -7.173243	 -3.406276	 0.554168	 0.765363	 0.293490
 18.444376	 -7.172478	 -3.405983	 0.554078	 0.765398	 0.293506
 18.444930	 -7.171712	 -3.405689	 0.553988	 0.765433	 0.293523
 18.445484	 -7.170947	 -3.405396	 0.553898	 0.765468	 0.293539
 18.446038	 -7.170182	 -3.405102	 0.553808	 0.765503	 0.293556
 18.446592	 -7.169416	 -3.404809	 0.553718	 0.765538	 0.293573
 18.447145	 -7.168650	 -3.404515	 0.553628	 0.765573	 0.293589
 18.447699	 -7.167885	 -3.404222	 0.553539	 0.765608	 0.293606
 18.448252	 -7.167119	 -3.403928	 0.553449	 0.765643	 0.293622
 18.448806	 -7.166354	 -3.403634	 0.553359	 0.765678	 0.293639
 18.449359	 -7.165588	 -3.403341	 0.553269	 0.765713	 0.293656
 18.449912	 -7.164822	 -3.403047	 0.553179	 0.765748	 0.293672
 18.450466	 -7.164057	 -3.402753	 0.553089	 0.765783	 0.293689
 18.451019	 -7.163291	 -3.402460	 0.552999	 0.765817	 0.293705
 18.451572	 -7.162525	 -3.402166	 0.552909	 0.765852	 0.293722
 18.452125	 -7.161759	 -3.401872	 0.552819	 0.765887	 0.293739
 18.452677	 -7.160993	 -3.401578	 0.552729	 0.765922	 0.293755
 18.453230	 -7.160227	 -3.401285	 0.552639	 0.765957	 0.293772
 18.453783	 -7.159461	 -3.400991	 0.552549	 0.765992	 0.293788
 18.454335	 -7.158695	 -3.400697	 0.552459	 0.766027	 0.293805
 18.454888	 -7.157929	 -3.400403	 0.552370	 0.766062	 0.293821
 18.455440	 -7.157163	 -3.400110	 0.552280	 0.766097	 0.293838
 18.455993	 -7.156397	 -3.399816	 0.552190	 0.766132	 0.293855
 18.456545	 -7.155631	 -3.399522	 0.552100	 0.766166	 0.293871
 18.457097	 -7.154865	 -3.399228	 0.552010	 0.766201	 0.293888
 18.457649	 -7.154099	 -3.398934	 0.551920	 0.766236	 0.293904
 18.458201	 -7.153332	 -3.398640	 0.551830	 0.766271	 0.293921
 18.458753	 -7.152566	 -3.398346	 0.551740	 0.766306	 0.293937
 18.459304	 -7.151800	 -3.398052	 0.551650	 0.766341	 0.293954
 18.459856	 -7.151033	 -3.397758	 0.551560	 0.766375	 0.293970
 18.460408	 -7.150267	 -3.397464	 0.551470	 0.766410	 0.293987
 18.460959	 -7.149501	 -3.397170	 0.551380	 0.766445	 0.294004
 18.461510	 -7.148734	 -3.396876	 0.551290	 0.766480	 0.294020
 18.462062	 -7.147968	 -3.396582	 0.551200	 0.766515	 0.294037
 18.462613	 -7.147201	 -3.396288	 0.551111	 0.766550	 0.294053
 18.463164	 -7.146435	 -3.395994	 0.551021	 0.766584	 0.294070
 18.463715	 -7.145668	 -3.395700	 0.550931	 0.766619	 0.294086
 18.464266	 -7.144901	 -3.395406	 0.550841	 0.766654	 0.294103
 18.464817	 -7.144135	 -3.395112	 0.550751	 0.766689	 0.294119
 18.465367	 -7.143368	 -3.394818	 0.550661	 0.766724	 0.294136
 18.465918	 -7.142601	 -3.394524	 0.550571	 0.766758	 0.294152
 18.466469	 -7.141835	 -3.394230	 0.550481	 0.766793	 0.294169
 18.467019	 -7.141068	 -3.393935	 0.550391	 0.766828	 0.294186
 18.467570	 -7.140301	 -3.393641	 0.550301	 0.766863	 0.294202
 18.468120	 -7.139534	 -3.393347	 0.550211	 0.766898	 0.294219
 18.468670	 -7.138767	 -3.393053	 0.550121	 0.766932	 0.294235
 18.469220	 -7.138000	 -3.392759	 0.550031	 0.766967	 0.294252
 18.469770	 -7.137233	 -3.392464	 0.549941	 0.767002	 0.294268
 18.470320	 -7.136466	 -3.392170	 0.549851	 0.767037	 0.294285
 18.470870	 -7.135699	 -3.391876	 0.549762	 0.767071	 0.294301
 18.471420	 -7.134932	 -3.391582	 0.549672	 0.767106	 0.294318
 18.471969	 -7.134165	 -3.391287	 0.549582	 0.767141	 0.294334
 18.472519	 -7.133398	 -3.390993	 0.549492	 0.767176	 0.294351
 18.473069	 -7.132631	 -3.390699	 0.549402	 0.767210	 0.294367
 18.473618	 -7.131864	 -3.390404	 0.549312	 0.767245	 0.294384
 18.474167	 -7.131096	 -3.390110	 0.549222	 0.767280	 0.294400
 18.474717	 -7.130329	 -3.389815	 0.549132	 0.767314	 0.294417
 18.475266	 -7.129562	 -3.389521	 0.549042	 0.767349	 0.294433
 18.475815	 -7.128794	 -3.389227	 0.548952	 0.767384	 0.294450
 18.476364	 -7.128027	 -3.388932	 0.548862	 0.767419	 0.294466
 18.476912	 -7.127260	 -3.388638	 0.548772	 0.767453	 0.294483
 18.477461	 -7.126492	 -3.388343	 0.548682	 0.767488	 0.294499
 18.478010	 -7.125725	 -3.388049	 0.548592	 0.767523	 0.294516
 18.478559	 -7.124957	 -3.387754	 0.548502	 0.767557	 0.294532
 18.479107	 -7.124190	 -3.387460	 0.548412	 0.767592	 0.294549
 18.479655	 -7.123422	 -3.387165	 0.548323	 0.767627	 0.294565
 18.480204	 -7.122654	 -3.386870	 0.548233	 0.767661	 0.294582
 18.480752	 -7.121887	 -3.386576	 0.548143	 0.767696	 0.294598
 18.481300	 -7.121119	 -3.386281	 0.548053	 0.767731	 0.294615
 18.481848	 -7.120351	 -3.385987	 0.547963	 0.767765	 0.294631
 18.482396	 -7.119584	 -3.385692	 0.547873	 0.767800	 0.294648
 18.482944	 -7.118816	 -3.385397	 0.547783	 0.767835	 0.294664
 18.483492	 -7.118048	 -3.385103	 0.547693	 0.767869	 0.294681
 18.484040	 -7.117280	 -3.384808	 0.547603	 0.767904	 0.294697
 18.484587	 -7.116512	 -3.384513	 0.547513	 0.767939	 0.294714
 18.485135	 -7.115744	 -3.384219	 0.547423	 0.767973	 0.294730
 18.485682	 -7.114976	 -3.383924	 0.547333	 0.768008	 0.294746
 18.486229	 -7.114208	 -3.383629	 0.547243	 0.768042	 0.294763
 18.486777	 -7.113440	 -3.383334	 0.547153	 0.768077	 0.294779
 18.487324	 -7.112672	 -3.383040	 0.547063	 0.768112	 0.294796
 18.487871	 -7.111904	 -3.382745	 0.546973	 0.768146	 0.294812
 18.488418	 -7.111136	 -3.382450	 0.546883	 0.768181	 0.294829
 18.488965	 -7.110368	 -3.382155	 0.546794	 0.768215	 0.294845
 18.489511	 -7.109599	 -3.381860	 0.546704	 0.768250	 0.294862
 18.490058	 -7.108831	 -3.381565	 0.546614	 0.768285	 0.294878
 18.490605	 -7.108063	 -3.381271	 0.546524	 0.768319	 0.294895
 18.491151	 -7.107295	 -3.380976	 0.546434	 0.768354	 0.294911
 18.491698	 -7.106526	 -3.380681	 0.546344	 0.768388	 0.294927
 18.492244	 -7.105758	 -3.380386	 0.546254	 0.768423	 0.294944
 18.492790	 -7.104989	 -3.380091	 0.546164	 0.768457	 0.294960
 18.493337	 -7.104221	 -3.379796	 0.546074	 0.768492	 0.294977
 18.493883	 -7.103452	 -3.379501	 0.545984	 0.768527	 0.294993
 18.494429	 -7.102684	 -3.379206	 0.545894	 0.768561	 0.295010
 18.494974	 -7.101915	 -3.378911	 0.545804	 0.768596	 0.295026
 18.495520	 -7.101147	 -3.378616	 0.545714	 0.768630	 0.295043
 18.496066	 -7.100378	 -3.378321	 0.545624	 0.768665	 0.295059
 18.496612	 -7.099610	 -3.378026	 0.545534	 0.768699	 0.295075
 18.497157	 -7.098841	 -3.377731	 0.545444	 0.768734	 0.295092
 18.497703	 -7.098072	 -3.377436	 0.545354	 0.768768	 0.295108
 18.498248	 -7.097303	 -3.377141	 0.545265	 0.768803	 0.295125
 18.498793	 -7.096535	 -3.376845	 0.545175	 0.768837	 0.295141
 18.499338	 -7.095766	 -3.376550	 0.545085	 0.768872	 0.295157
 18.499883	 -7.094997	 -3.376255	 0.544995	 0.768906	 0.295174
 18.500428	 -7.094228	 -3.375960	 0.544905	 0.768941	 0.295190
 18.500973	 -7.093459	 -3.375665	 0.544815	 0.768975	 0.295207
 18.501518	 -7.092690	 -3.375370	 0.544725	 0.769010	 0.295223
 18.502063	 -7.091921	 -3.375074	 0.544635	 0.769044	 0.295240
 18.502608	 -7.091152	 -3.374779	 0.544545	 0.769079	 0.295256
 18.503152	 -7.090383	 -3.374484	 0.544455	 0.769113	 0.295272
 18.503697	 -7.089614	 -3.374189	 0.544365	 0.769148	 0.295289
 18.504241	 -7.088845	 -3.373893	 0.544275	 0.769182	 0.295305
 18.504785	 -7.088075	 -3.373598	 0.544185	 0.769217	 0.295322
 18.505329	 -7.087306	 -3.373303	 0.544095	 0.769251	 0.295338
 18.505873	 -7.086537	 -3.373007	 0.544005	 0.769286	 0.295354
 18.506417	 -7.085768	 -3.372712	 0.543915	 0.769320	 0.295371
 18.506961	 -7.084998	 -3.372417	 0.543825	 0.769354	 0.295387
 18.507505	 -7.084229	 -3.372121	 0.543735	 0.769389	 0.295404
 18.508049	 -7.083460	 -3.371826	 0.543645	 0.769423	 0.295420
 18.508593	 -7.082690	 -3.371530	 0.543556	 0.769458	 0.295436
 18.509136	 -7.081921	 -3.371235	 0.543466	 0.769492	 0.295453
 18.509680	 -7.081151	 -3.370940	 0.543376	 0.769527	 0.295469
 18.510223	 -7.080382	 -3.370644	 0.543286	 0.769561	 0.295485
 18.510766	 -7.079612	 -3.370349	 0.543196	 0.769595	 0.295502
 18.511309	 -7.078843	 -3.370053	 0.543106	 0.769630	 0.295518
 18.511853	 -7.078073	 -3.369758	 0.543016	 0.769664	 0.295535
 18.512396	 -7.077303	 -3.369462	 0.542926	 0.769699	 0.295551
 18.512939	 -7.076534	 -3.369166	 0.542836	 0.769733	 0.295567
 18.513481	 -7.075764	 -3.368871	 0.542746	 0.769767	 0.295584
 18.514024	 -7.074994	 -3.368575	 0.542656	 0.769802	 0.295600
 18.514567	 -7.074224	 -3.368280	 0.542566	 0.769836	 0.295616
 18.515109	 -7.073454	 -3.367984	 0.542476	 0.769870	 0.295633
 18.515652	 -7.072685	 -3.367688	 0.542386	 0.769905	 0.295649
 18.516194	 -7.071915	 -3.367393	 0.542296	 0.769939	 0.295666
 18.516736	 -7.071145	 -3.367097	 0.542206	 0.769974	 0.295682
 18.517279	 -7.070375	 -3.366801	 0.542116	 0.770008	 0.295698
 18.517821	 -7.069605	 -3.366506	 0.542026	 0.770042	 0.295715
 18.518363	 -7.068835	 -3.366210	 0.541936	 0.770077	 0.295731
 18.518905	 -7.068065	 -3.365914	 0.541846	 0.770111	 0.295747
 18.519447	 -7.067294	 -3.365619	 0.541756	 0.770145	 0.295764
 18.519988	 -7.066524	 -3.365323	 0.541667	 0.770180	 0.295780
 18.520530	 -7.065754	 -3.365027	 0.541577	 0.770214	 0.295796
 18.521072	 -7.064984	 -3.364731	 0.541487	 0.770248	 0.295813
 18.521613	 -7.064214	 -3.364435	 0.541397	 0.770283	 0.295829
 18.522155	 -7.063443	 -3.364140	 0.541307	 0.770317	 0.295845
 18.522696	 -7.062673	 -3.363844	 0.541217	 0.770351	 0.295862
 18.523237	 -7.061903	 -3.363548	 0.541127	 0.770385	 0.295878
 18.523778	 -7.061132	 -3.363252	 0.541037	 0.770420	 0.295894
 18.524319	 -7.060362	 -3.362956	 0.540947	 0.770454	 0.295911
 18.524860	 -7.059591	 -3.362660	 0.540857	 0.770488	 0.295927
 18.525401	 -7.058821	 -3.362364	 0.540767	 0.770523	 0.295943
 18.525942	 -7.058050	 -3.362068	 0.540677	 0.770557	 0.295960
 18.526482	 -7.057280	 -3.361772	 0.540587	 0.770591	 0.295976
 18.527023	 -7.056509	 -3.361476	 0.540497	 0.770625	 0.295992
 18.527564	 -7.055739	 -3.361180	 0.540407	 0.770660	 0.296009
 18.528104	 -7.054968	 -3.360884	 0.540317	 0.770694	 0.296025
 18.528644	 -7.054197	 -3.360588	 0.540227	 0.770728	 0.296041
 18.529184	 -7.053427	 -3.360292	 0.540137	 0.770762	 0.296058
 18.529725	 -7.052656	 -3.359996	 0.540047	 0.770797	 0.296074
 18.530265	 -7.051885	 -3.359700	 0.539957	 0.770831	 0.296090
 18.530805	 -7.051114	 -3.359404	 0.539867	 0.770865	 0.296107
 18.531344	 -7.050343	 -3.359108	 0.539777	 0.770899	 0.296123
 18.531884	 -7.049572	 -3.358812	 0.539687	 0.770934	 0.296139
 18.532424	 -7.048802	 -3.358516	 0.539598	 0.770968	 0.296155
 18.532964	 -7.048031	 -3.358220	 0.539508	 0.771002	 0.296172
 18.533503	 -7.047260	 -3.357923	 0.539418	 0.771036	 0.296188
 18.534042	 -7.046489	 -3.357627	 0.539328	 0.771070	 0.296204
 18.534582	 -7.045717	 -3.357331	 0.539238	 0.771105	 0.296221
 18.535121	 -7.044946	 -3.357035	 0.539148	 0.771139	 0.296237
 18.535660	 -7.044175	 -3.356739	 0.539058	 0.771173	 0.296253
 18.536199	 -7.043404	 -3.356442	 0.538968	 0.771207	 0.296270
 18.536738	 -7.042633	 -3.356146	 0.538878	 0.771241	 0.296286
 18.537277	 -7.041862	 -3.355850	 0.538788	 0.771276	 0.296302
 18.537816	 -7.041090	 -3.355553	 0.538698	 0.771310	 0.296318
 18.538355	 -7.040319	 -3.355257	 0.538608	 0.771344	 0.296335
 18.538893	 -7.039548	 -3.354961	 0.538518	 0.771378	 0.296351
 18.539432	 -7.038776	 -3.354664	 0.538428	 0.771412	 0.296367
 18.539970	 -7.038005	 -3.354368	 0.538338	 0.771446	 0.296384
 18.540508	 -7.037233	 -3.354072	 0.538248	 0.771481	 0.296400
 18.541047	 -7.036462	 -3.353775	 0.538158	 0.771515	 0.296416
 18.541585	 -7.035690	 -3.353479	 0.538068	 0.771549	 0.296432
 18.542123	 -7.034919	 -3.353182	 0.537978	 0.771583	 0.296449
 18.542661	 -7.034147	 -3.352886	 0.537888	 0.771617	 0.296465
 18.543199	 -7.033376	 -3.352590	 0.537798	 0.771651	 0.296481
 18.543737	 -7.032604	 -3.352293	 0.537708	 0.771685	 0.296497
 18.544274	 -7.031832	 -3.351997	 0.537618	 0.771719	 0.296514
 18.544812	 -7.031061	 -3.351700	 0.537528	 0.771754	 0.296530
 18.545349	 -7.030289	 -3.351404	 0.537438	 0.771788	 0.296546
 18.545887	 -7.029517	 -3.351107	 0.537348	 0.771822	 0.296563
 18.546424	 -7.028745	 -3.350810	 0.537258	 0.771856	 0.296579
 18.546962	 -7.027973	 -3.350514	 0.537169	 0.771890	 0.296595
 18.547499	 -7.027201	 -3.350217	 0.537079	 0.771924	 0.296611
 18.548036	 -7.026430	 -3.349921	 0.536989	 0.771958	 0.296628
 18.548573	 -7.025658	 -3.349624	 0.536899	 0.771992	 0.296644
 18.549110	 -7.024886	 -3.349327	 0.536809	 0.772026	 0.296660
 18.549646	 -7.024114	 -3.349031	 0.536719	 0.772060	 0.296676
 18.550183	 -7.023342	 -3.348734	 0.536629	 0.772094	 0.296693
 18.550720	 -7.022569	 -3.348437	 0.536539	 0.772129	 0.296709
 18.551256	 -7.021797	 -3.348141	 0.536449	 0.772163	 0.296725
 18.551793	 -7.021025	 -3.347844	 0.536359	 0.772197	 0.296741
 18.552329	 -7.020253	 -3.347547	 0.536269	 0.772231	 0.296757
 18.552865	 -7.019481	 -3.347250	 0.536179	 0.772265	 0.296774
 18.553402	 -7.018708	 -3.346954	 0.536089	 0.772299	 0.296790
 18.553938	 -7.017936	 -3.346657	 0.535999	 0.772333	 0.296806
 18.554474	 -7.017164	 -3.346360	 0.535909	 0.772367	 0.296822
 18.555010	 -7.016391	 -3.346063	 0.535819	 0.772401	 0.296839
 18.555545	 -7.015619	 -3.345766	 0.535729	 0.772435	 0.296855
 18.556081	 -7.014847	 -3.345469	 0.535639	 0.772469	 0.296871
 18.556617	 -7.014074	 -3.345173	 0.535549	 0.772503	 0.296887
 18.557152	 -7.013302	 -3.344876	 0.535459	 0.772537	 0.296903
 18.557688	 -7.012529	 -3.344579	 0.535369	 0.772571	 0.296920
 18.558223	 -7.011757	 -3.344282	 0.535279	 0.772605	 0.296936
 18.558758	 -7.010984	 -3.343985	 0.535189	 0.772639	 0.296952
 18.559294	 -7.010211	 -3.343688	 0.535099	 0.772673	 0.296968
 18.559829	 -7.009439	 -3.343391	 0.535009	 0.772707	 0.296985
 18.560364	 -7.008666	 -3.343094	 0.534919	 0.772741	 0.297001
 18.560899	 -7.007893	 -3.342797	 0.534829	 0.772775	 0.297017
 18.561433	 -7.007120	 -3.342500	 0.534739	 0.772809	 0.297033
 18.561968	 -7.006348	 -3.342203	 0.534649	 0.772843	 0.297049
 18.562503	 -7.005575	 -3.341906	 0.534559	 0.772877	 0.297066
 18.563037	 -7.004802	 -3.341609	 0.534469	 0.772911	 0.297082
 18.563572	 -7.004029	 -3.341312	 0.534379	 0.772945	 0.297098
 18.564106	 -7.003256	 -3.341015	 0.534289	 0.772979	 0.297114
 18.564641	 -7.002483	 -3.340718	 0.534199	 0.773013	 0.297130
 18.565175	 -7.001710	 -3.340420	 0.534110	 0.773047	 0.297147
 18.565709	 -7.000937	 -3.340123	 0.534020	 0.773080	 0.297163
 18.566243	 -7.000164	 -3.339826	 0.533930	 0.773114	 0.297179
 18.566777	 -6.999391	 -3.339529	 0.533840	 0.773148	 0.297195
 18.567311	 -6.998618	 -3.339232	 0.533750	 0.773182	 0.297211
 18.567844	 -6.997844	 -3.338935	 0.533660	 0.773216	 0.297227
 18.568378	 -6.997071	 -3.338637	 0.533570	 0.773250	 0.297244
 18.568912	 -6.996298	 -3.338340	 0.533480	 0.773284	 0.297260
 18.569445	 -6.995525	 -3.338043	 0.533390	 0.773318	 0.297276
 18.569979	 -6.994751	 -3.337746	 0.533300	 0.773352	 0.297292
 18.570512	 -6.993978	 -3.337448	 0.533210	 0.773386	 0.297308
 18.571045	 -6.993205	 -3.337151	 0.533120	 0.773420	 0.297325
 18.571578	 -6.992431	 -3.336854	 0.533030	 0.773453	 0.297341
 18.572111	 -6.991658	 -3.336556	 0.532940	 0.773487	 0.297357
 18.572644	 -6.990884	 -3.336259	 0.532850	 0.773521	 0.297373
 18.573177	 -6.990111	 -3.335962	 0.532760	 0.773555	 0.297389
 18.573710	 -6.989337	 -3.335664	 0.532670	 0.773589	 0.297405
 18.574242	 -6.988564	 -3.335367	 0.532580	 0.773623	 0.297422
 18.574775	 -6.987790	 -3.335069	 0.532490	 0.773657	 0.297438
 18.575307	 -6.987016	 -3.334772	 0.532400	 0.773690	 0.297454
 18.575840	 -6.986243	 -3.334474	 0.532310	 0.773724	 0.297470
 18.576372	 -6.985469	 -3.334177	 0.532220	 0.773758	 0.297486
 18.576904	 -6.984695	 -3.333880	 0.532130	 0.773792	 0.297502
 18.577437	 -6.983921	 -3.333582	 0.532040	 0.773826	 0.297518
 18.577969	 -6.983148	 -3.333284	 0.531950	 0.773860	 0.297535
 18.578501	 -6.982374	 -3.332987	 0.531860	 0.773893	 0.297551
 18.579032	 -6.981600	 -3.332689	 0.531770	 0.773927	 0.297567
 18.579564	 -6.980826	 -3.332392	 0.531680	 0.773961	 0.297583
 18.580096	 -6.980052	 -3.332094	 0.531590	 0.773995	 0.297599
 18.580627	 -6.979278	 -3.331797	 0.531500	 0.774029	 0.297615
 18.581159	 -6.978504	 -3.331499	 0.531410	 0.774062	 0.297631
 18.581690	 -6.977730	 -3.331201	 0.531320	 0.774096	 0.297648
 18.582222	 -6.976956	 -3.330904	 0.531230	 0.774130	 0.297664
 18.582753	 -6.976182	 -3.330606	 0.531140	 0.774164	 0.297680
 18.583284	 -6.975407	 -3.330308	 0.531050	 0.774198	 0.297696
 18.583815	 -6.974633	 -3.330011	 0.530960	 0.774231	 0.297712
 18.584346	 -6.973859	 -3.329713	 0.530870	 0.774265	 0.297728
 18.584877	 -6.973085	 -3.329415	 0.530780	 0.774299	 0.297744
 18.585408	 -6.972310	 -3.329118	 0.530690	 0.774333	 0.297760
 18.585938	 -6.971536	 -3.328820	 0.530600	 0.774366	 0.297777
 18.586469	 -6.970762	 -3.328522	 0.530510	 0.774400	 0.297793
 18.586999	 -6.969987	 -3.328224	 0.530420	 0.774434	 0.297809
 18.587530	 -6.969213	 -3.327926	 0.530330	 0.774468	 0.297825
 18.588060	 -6.968438	 -3.327629	 0.530240	 0.774501	 0.297841
 18.588590	 -6.967664	 -3.327331	 0.530150	 0.774535	 0.297857
 18.589121	 -6.966889	 -3.327033	 0.530060	 0.774569	 0.297873
 18.589651	 -6.966115	 -3.326735	 0.529970	 0.774603	 0.297889
 18.590181	 -6.965340	 -3.326437	 0.529880	 0.774636	 0.297905
 18.590711	 -6.964566	 -3.326139	 0.529790	 0.774670	 0.297922
 18.591240	 -6.963791	 -3.325841	 0.529700	 0.774704	 0.297938
 18.591770	 -6.963016	 -3.325543	 0.529610	 0.774738	 0.297954
 18.592300	 -6.962241	 -3.325245	 0.529520	 0.774771	 0.297970
 18.592829	 -6.961467	 -3.324947	 0.529430	 0.774805	 0.297986
 18.593359	 -6.960692	 -3.324649	 0.529341	 0.774839	 0.298002
 18.593888	 -6.959917	 -3.324351	 0.529251	 0.774872	 0.298018
 18.594417	 -6.959142	 -3.324053	 0.529161	 0.774906	 0.298034
 18.594946	 -6.958367	 -3.323755	 0.529071	 0.774940	 0.298050
 18.595475	 -6.957592	 -3.323457	 0.528981	 0.774973	 0.298066
 18.596004	 -6.956817	 -3.323159	 0.528891	 0.775007	 0.298082
 18.596533	 -6.956042	 -3.322861	 0.528801	 0.775041	 0.298099
 18.597062	 -6.955267	 -3.322563	 0.528711	 0.775074	 0.298115
 18.597591	 -6.954492	 -3.322265	 0.528621	 0.775108	 0.298131
 18.598119	 -6.953717	 -3.321967	 0.528531	 0.775142	 0.298147
 18.598648	 -6.952942	 -3.321669	 0.528441	 0.775175	 0.298163
 18.599176	 -6.952167	 -3.321371	 0.528351	 0.775209	 0.298179
 18.599705	 -6.951392	 -3.321072	 0.528261	 0.775243	 0.298195
 18.600233	 -6.950616	 -3.320774	 0.528171	 0.775276	 0.298211
 18.600761	 -6.949841	 -3.320476	 0.528081	 0.775310	 0.298227
 18.601289	 -6.949066	 -3.320178	 0.527991	 0.775343	 0.298243
 18.601817	 -6.948290	 -3.319879	 0.527901	 0.775377	 0.298259
 18.602345	 -6.947515	 -3.319581	 0.527811	 0.775411	 0.298275
 18.602873	 -6.946740	 -3.319283	 0.527721	 0.775444	 0.298291
 18.603401	 -6.945964	 -3.318985	 0.527631	 0.775478	 0.298307
 18.603928	 -6.945189	 -3.318686	 0.527541	 0.775511	 0.298323
 18.604456	 -6.944413	 -3.318388	 0.527451	 0.775545	 0.298340
 18.604983	 -6.943638	 -3.318090	 0.527361	 0.775579	 0.298356
 18.605511	 -6.942862	 -3.317791	 0.527271	 0.775612	 0.298372
 18.606038	 -6.942086	 -3.317493	 0.527181	 0.775646	 0.298388
 18.606565	 -6.941311	 -3.317195	 0.527091	 0.775679	 0.298404
 18.607092	 -6.940535	 -3.316896	 0.527001	 0.775713	 0.298420
 18.607619	 -6.939759	 -3.316598	 0.526911	 0.775747	 0.298436
 18.608146	 -6.938984	 -3.316299	 0.526821	 0.775780	 0.298452
 18.608673	 -6.938208	 -3.316001	 0.526731	 0.775814	 0.298468
 18.609200	 -6.937432	 -3.315702	 0.526641	 0.775847	 0.298484
 18.609726	 -6.936656	 -3.315404	 0.526551	 0.775881	 0.298500
 18.610253	 -6.935880	 -3.315105	 0.526461	 0.775914	 0.298516
 18.610779	 -6.935104	 -3.314807	 0.526371	 0.775948	 0.298532
 18.611306	 -6.934329	 -3.314508	 0.526281	 0.775981	 0.298548
 18.611832	 -6.933553	 -3.314210	 0.526191	 0.776015	 0.298564
 18.612358	 -6.932777	 -3.313911	 0.526101	 0.776048	 0.298580
 18.612884	 -6.932000	 -3.313613	 0.526011	 0.776082	 0.298596
 18.613410	 -6.931224	 -3.313314	 0.525921	 0.776116	 0.298612
 18.613936	 -6.930448	 -3.313015	 0.525831	 0.776149	 0.298628
 18.614462	 -6.929672	 -3.312717	 0.525741	 0.776183	 0.298644
 18.614988	 -6.928896	 -3.312418	 0.525651	 0.776216	 0.298660
 18.615513	 -6.928120	 -3.312120	 0.525561	 0.776250	 0.298676
 18.616039	 -6.927343	 -3.311821	 0.525471	 0.776283	 0.298692
 18.616564	 -6.926567	 -3.311522	 0.525381	 0.776317	 0.298708
 18.617090	 -6.925791	 -3.311223	 0.525291	 0.776350	 0.298724
 18.617615	 -6.925015	 -3.310925	 0.525201	 0.776383	 0.298740
 18.618140	 -6.924238	 -3.310626	 0.525111	 0.776417	 0.298756
 18.618665	 -6.923462	 -3.310327	 0.525021	 0.776450	 0.298772
 18.619190	 -6.922685	 -3.310028	 0.524931	 0.776484	 0.298788
 18.619715	 -6.921909	 -3.309730	 0.524841	 0.776517	 0.298804
 18.620240	 -6.921132	 -3.309431	 0.524751	 0.776551	 0.298820
 18.620765	 -6.920356	 -3.309132	 0.524661	 0.776584	 0.298836
 18.621290	 -6.919579	 -3.308833	 0.524571	 0.776618	 0.298852
 18.621814	 -6.918803	 -3.308534	 0.524481	 0.776651	 0.298868
 18.622339	 -6.918026	 -3.308235	 0.524391	 0.776685	 0.298884
 18.622863	 -6.917249	 -3.307937	 0.524301	 0.776718	 0.298900
 18.623387	 -6.916472	 -3.307638	 0.524211	 0.776751	 0.298916
 18.623912	 -6.915696	 -3.307339	 0.524121	 0.776785	 0.298932
 18.624436	 -6.914919	 -3.307040	 0.524031	 0.776818	 0.298948
 18.624960	 -6.914142	 -3.306741	 0.523941	 0.776852	 0.298964
 18.625484	 -6.913365	 -3.306442	 0.523851	 0.776885	 0.298980
 18.626008	 -6.912588	 -3.306143	 0.523761	 0.776919	 0.298996
 18.626531	 -6.911811	 -3.305844	 0.523671	 0.776952	 0.299012
 18.627055	 -6.911035	 -3.305545	 0.523581	 0.776985	 0.299028
 18.627579	 -6.910258	 -3.305246	 0.523491	 0.777019	 0.299044
 18.628102	 -6.909481	 -3.304947	 0.523401	 0.777052	 0.299060
 18.628625	 -6.908703	 -3.304648	 0.523311	 0.777086	 0.299076
 18.629149	 -6.907926	 -3.304349	 0.523221	 0.777119	 0.299092
 18.629672	 -6.907149	 -3.304050	 0.523131	 0.777152	 0.299108
 18.630195	 -6.906372	 -3.303751	 0.523041	 0.777186	 0.299124
 18.630718	 -6.905595	 -3.303451	 0.522951	 0.777219	 0.299140
 18.631241	 -6.904818	 -3.303152	 0.522861	 0.777252	 0.299156
 18.631764	 -6.904040	 -3.302853	 0.522771	 0.777286	 0.299172
 18.632287	 -6.903263	 -3.302554	 0.522681	 0.777319	 0.299188
 18.632809	 -6.902486	 -3.302255	 0.522591	 0.777352	 0.299204
 18.633332	 -6.901708	 -3.301956	 0.522501	 0.777386	 0.299220
 18.633854	 -6.900931	 -3.301656	 0.522411	 0.777419	 0.299236
 18.634377	 -6.900154	 -3.301357	 0.522321	 0.777452	 0.299252
 18.634899	 -6.899376	 -3.301058	 0.522231	 0.777486	 0.299267
 18.635421	 -6.898599	 -3.300759	 0.522141	 0.777519	 0.299283
 18.635944	 -6.897821	 -3.300459	 0.522051	 0.777552	 0.299299
 18.636466	 -6.897044	 -3.300160	 0.521961	 0.777586	 0.299315
 18.636988	 -6.896266	 -3.299861	 0.521871	 0.777619	 0.299331
 18.637509	 -6.895488	 -3.299561	 0.521781	 0.777652	 0.299347
 18.638031	 -6.894711	 -3.299262	 0.521691	 0.777686	 0.299363
 18.638553	 -6.893933	 -3.298963	 0.521601	 0.777719	 0.299379
 18.639075	 -6.893155	 -3.298663	 0.521511	 0.777752	 0.299395
 18.639596	 -6.892378	 -3.298364	 0.521421	 0.777786	 0.299411
 18.640117	 -6.891600	 -3.298064	 0.521331	 0.777819	 0.299427
 18.640639	 -6.890822	 -3.297765	 0.521241	 0.777852	 0.299443
 18.641160	 -6.890044	 -3.297466	 0.521151	 0.777885	 0.299459
 18.641681	 -6.889266	 -3.297166	 0.521060	 0.777919	 0.299475
 18.642202	 -6.888488	 -3.296867	 0.520970	 0.777952	 0.299491
 18.642723	 -6.887710	 -3.296567	 0.520880	 0.777985	 0.299506
 18.643244	 -6.886932	 -3.296268	 0.520790	 0.778018	 0.299522
 18.643765	 -6.886154	 -3.295968	 0.520700	 0.778052	 0.299538
 18.644286	 -6.885376	 -3.295669	 0.520610	 0.778085	 0.299554
 18.644806	 -6.884598	 -3.295369	 0.520520	 0.778118	 0.299570
 18.645327	 -6.883820	 -3.295069	 0.520430	 0.778151	 0.299586
 18.645847	 -6.883042	 -3.294770	 0.520340	 0.778185	 0.299602
 18.646367	 -6.882264	 -3.294470	 0.520250	 0.778218	 0.299618
 18.646888	 -6.881486	 -3.294171	 0.520160	 0.778251	 0.299634
 18.647408	 -6.880707	 -3.293871	 0.520070	 0.778284	 0.299650
 18.647928	 -6.879929	 -3.293571	 0.519980	 0.778318	 0.299666
 18.648448	 -6.879151	 -3.293272	 0.519890	 0.778351	 0.299681
 18.648968	 -6.878372	 -3.292972	 0.519800	 0.778384	 0.299697
 18.649488	 -6.877594	 -3.292672	 0.519710	 0.778417	 0.299713
 18.650007	 -6.876816	 -3.292373	 0.519620	 0.778450	 0.299729
 18.650527	 -6.876037	 -3.292073	 0.519530	 0.778484	 0.299745
 18.651047	 -6.875259	 -3.291773	 0.519440	 0.778517	 0.299761
 18.651566	 -6.874480	 -3.291473	 0.519350	 0.778550	 0.299777
 18.652085	 -6.873702	 -3.291174	 0.519260	 0.778583	 0.299793
 18.652605	 -6.872923	 -3.290874	 0.519170	 0.778616	 0.299809
 18.653124	 -6.872144	 -3.290574	 0.519080	 0.778649	 0.299824
 18.653643	 -6.871366	 -3.290274	 0.518990	 0.778683	 0.299840
 18.654162	 -6.870587	 -3.289974	 0.518900	 0.778716	 0.299856
 18.654681	 -6.869808	 -3.289674	 0.518810	 0.778749	 0.299872
 18.655200	 -6.869030	 -3.289375	 0.518720	 0.778782	 0.299888
 18.655718	 -6.868251	 -3.289075	 0.518630	 0.778815	 0.299904
 18.656237	 -6.867472	 -3.288775	 0.518540	 0.778848	 0.299920
 18.656755	 -6.866693	 -3.288475	 0.518450	 0.778881	 0.299936
 18.657274	 -6.865914	 -3.288175	 0.518360	 0.778915	 0.299951
 18.657792	 -6.865135	 -3.287875	 0.518270	 0.778948	 0.299967
 18.658310	 -6.864356	 -3.287575	 0.518180	 0.778981	 0.299983
 18.658829	 -6.863577	 -3.287275	 0.518090	 0.779014	 0.299999
 18.659347	 -6.862798	 -3.286975	 0.518000	 0.779047	 0.300015
 18.659865	 -6.862019	 -3.286675	 0.517910	 0.779080	 0.300031
 18.660383	 -6.861240	 -3.286375	 0.517820	 0.779113	 0.300047
 18.660900	 -6.860461	 -3.286075	 0.517730	 0.779146	 0.300062
 18.661418	 -6.859682	 -3.285775	 0.517640	 0.779180	 0.300078
 18.661936	 -6.858903	 -3.285475	 0.517550	 0.779213	 0.300094
 18.662453	 -6.858124	 -3.285175	 0.517460	 0.779246	 0.300110
 18.662971	 -6.857344	 -3.284875	 0.517370	 0.779279	 0.300126
 18.663488	 -6.856565	 -3.284575	 0.517280	 0.779312	 0.300142
 18.664006	 -6.855786	 -3.284274	 0.517190	 0.779345	 0.300158
 18.664523	 -6.855006	 -3.283974	 0.517100	 0.779378	 0.300173
 18.665040	 -6.854227	 -3.283674	 0.517010	 0.779411	 0.300189
 18.665557	 -6.853448	 -3.283374	 0.516920	 0.779444	 0.300205
 18.666074	 -6.852668	 -3.283074	 0.516830	 0.779477	 0.300221
 18.666591	 -6.851889	 -3.282773	 0.516740	 0.779510	 0.300237
 18.667107	 -6.851109	 -3.282473	 0.516650	 0.779543	 0.300253
 18.667624	 -6.850330	 -3.282173	 0.516560	 0.779576	 0.300268
 18.668141	 -6.849550	 -3.281873	 0.516469	 0.779609	 0.300284
 18.668657	 -6.848771	 -3.281572	 0.516379	 0.779642	 0.300300
 18.669173	 -6.847991	 -3.281272	 0.516289	 0.779675	 0.300316
 18.669690	 -6.847211	 -3.280972	 0.516199	 0.779708	 0.300332
 18.670206	 -6.846432	 -3.280671	 0.516109	 0.779741	 0.300348
 18.670722	 -6.845652	 -3.280371	 0.516019	 0.779774	 0.300363
 18.671238	 -6.844872	 -3.280071	 0.515929	 0.779807	 0.300379
 18.671754	 -6.844092	 -3.279770	 0.515839	 0.779840	 0.300395
 18.672270	 -6.843312	 -3.279470	 0.515749	 0.779873	 0.300411
 18.672785	 -6.842532	 -3.279170	 0.515659	 0.779906	 0.300427
 18.673301	 -6.841753	 -3.278869	 0.515569	 0.779939	 0.300442
 18.673817	 -6.840973	 -3.278569	 0.515479	 0.779972	 0.300458
 18.674332	 -6.840193	 -3.278268	 0.515389	 0.780005	 0.300474
 18.674848	 -6.839413	 -3.277968	 0.515299	 0.780038	 0.300490
 18.675363	 -6.838633	 -3.277667	 0.515209	 0.780071	 0.300506
 18.675878	 -6.837853	 -3.277367	 0.515119	 0.780104	 0.300521
 18.676393	 -6.837072	 -3.277066	 0.515029	 0.780137	 0.300537
 18.676908	 -6.836292	 -3.276766	 0.514939	 0.780170	 0.300553
 18.677423	 -6.835512	 -3.276465	 0.514849	 0.780203	 0.300569
 18.677938	 -6.834732	 -3.276165	 0.514759	 0.780236	 0.300585
 18.678453	 -6.833952	 -3.275864	 0.514669	 0.780269	 0.300600
 18.678967	 -6.833171	 -3.275563	 0.514579	 0.780302	 0.300616
 18.679482	 -6.832391	 -3.275263	 0.514489	 0.780335	 0.300632
 18.679997	 -6.831611	 -3.274962	 0.514399	 0.780368	 0.300648
 18.680511	 -6.830830	 -3.274661	 0.514309	 0.780401	 0.300664
 18.681025	 -6.830050	 -3.274361	 0.514219	 0.780434	 0.300679
 18.681539	 -6.829270	 -3.274060	 0.514129	 0.780467	 0.300695
 18.682054	 -6.828489	 -3.273759	 0.514039	 0.780500	 0.300711
 18.682568	 -6.827709	 -3.273459	 0.513949	 0.780533	 0.300727
 18.683082	 -6.826928	 -3.273158	 0.513859	 0.780565	 0.300742
 18.683595	 -6.826148	 -3.272857	 0.513769	 0.780598	 0.300758
 18.684109	 -6.825367	 -3.272557	 0.513679	 0.780631	 0.300774
 18.684623	 -6.824586	 -3.272256	 0.513588	 0.780664	 0.300790
 18.685136	 -6.823806	 -3.271955	 0.513498	 0.780697	 0.300806
 18.685650	 -6.823025	 -3.271654	 0.513408	 0.780730	 0.300821
 18.686163	 -6.822244	 -3.271353	 0.513318	 0.780763	 0.300837
 18.686677	 -6.821463	 -3.271052	 0.513228	 0.780796	 0.300853
 18.687190	 -6.820683	 -3.270752	 0.513138	 0.780828	 0.300869
 18.687703	 -6.819902	 -3.270451	 0.513048	 0.780861	 0.300884
 18.688216	 -6.819121	 -3.270150	 0.512958	 0.780894	 0.300900
 18.688729	 -6.818340	 -3.269849	 0.512868	 0.780927	 0.300916
 18.689242	 -6.817559	 -3.269548	 0.512778	 0.780960	 0.300932
 18.689755	 -6.816778	 -3.269247	 0.512688	 0.780993	 0.300947
 18.690267	 -6.815997	 -3.268946	 0.512598	 0.781026	 0.300963
 18.690780	 -6.815216	 -3.268645	 0.512508	 0.781058	 0.300979
 18.691293	 -6.814435	 -3.268344	 0.512418	 0.781091	 0.300995
 18.691805	 -6.813654	 -3.268043	 0.512328	 0.781124	 0.301010
 18.692317	 -6.812873	 -3.267742	 0.512238	 0.781157	 0.301026
 18.692829	 -6.812092	 -3.267441	 0.512148	 0.781190	 0.301042
 18.693342	 -6.811311	 -3.267140	 0.512058	 0.781223	 0.301058
 18.693854	 -6.810529	 -3.266839	 0.511968	 0.781255	 0.301073
 18.694366	 -6.809748	 -3.266538	 0.511878	 0.781288	 0.301089
 18.694878	 -6.808967	 -3.266237	 0.511788	 0.781321	 0.301105
 18.695389	 -6.808185	 -3.265936	 0.511698	 0.781354	 0.301121
 18.695901	 -6.807404	 -3.265635	 0.511608	 0.781387	 0.301136
 18.696413	 -6.806623	 -3.265334	 0.511518	 0.781419	 0.301152
 18.696924	 -6.805841	 -3.265032	 0.511428	 0.781452	 0.301168
 18.697436	 -6.805060	 -3.264731	 0.511337	 0.781485	 0.301183
 18.697947	 -6.804278	 -3.264430	 0.511247	 0.781518	 0.301199
 18.698458	 -6.803497	 -3.264129	 0.511157	 0.781550	 0.301215
 18.698969	 -6.802715	 -3.263828	 0.511067	 0.781583	 0.301231
 18.699480	 -6.801934	 -3.263526	 0.510977	 0.781616	 0.301246
 18.699991	 -6.801152	 -3.263225	 0.510887	 0.781649	 0.301262
 18.700502	 -6.800370	 -3.262924	 0.510797	 0.781681	 0.301278
 18.701013	 -6.799589	 -3.262623	 0.510707	 0.781714	 0.301293
 18.701524	 -6.798807	 -3.262321	 0.510617	 0.781747	 0.301309
 18.702034	 -6.798025	 -3.262020	 0.510527	 0.781780	 0.301325
 18.702545	 -6.797243	 -3.261719	 0.510437	 0.781812	 0.301341
 18.703055	 -6.796462	 -3.261417	 0.510347	 0.781845	 0.301356
 18.703566	 -6.795680	 -3.261116	 0.510257	 0.781878	 0.301372
 18.704076	 -6.794898	 -3.260815	 0.510167	 0.781911	 0.301388
 18.704586	 -6.794116	 -3.260513	 0.510077	 0.781943	 0.301403
 18.705096	 -6.793334	 -3.260212	 0.509987	 0.781976	 0.301419
 18.705606	 -6.792552	 -3.259910	 0.509897	 0.782009	 0.301435
 18.706116	 -6.791770	 -3.259609	 0.509807	 0.782041	 0.301450
 18.706626	 -6.790988	 -3.259308	 0.509717	 0.782074	 0.301466
 18.707136	 -6.790206	 -3.259006	 0.509627	 0.782107	 0.301482
 18.707645	 -6.789424	 -3.258705	 0.509537	 0.782139	 0.301498
 18.708155	 -6.788642	 -3.258403	 0.509447	 0.782172	 0.301513
 18.708664	 -6.787860	 -3.258102	 0.509356	 0.782205	 0.301529
 18.709174	 -6.787077	 -3.257800	 0.509266	 0.782237	 0.301545
 18.709683	 -6.786295	 -3.257499	 0.509176	 0.782270	 0.301560
 18.710192	 -6.785513	 -3.257197	 0.509086	 0.782303	 0.301576
 18.710701	 -6.784731	 -3.256895	 0.508996	 0.782335	 0.301592
 18.711210	 -6.783948	 -3.256594	 0.508906	 0.782368	 0.301607
 18.711719	 -6.783166	 -3.256292	 0.508816	 0.782401	 0.301623
 18.712228	 -6.782383	 -3.255991	 0.508726	 0.782433	 0.301639
 18.712737	 -6.781601	 -3.255689	 0.508636	 0.782466	 0.301654
 18.713245	 -6.780819	 -3.255387	 0.508546	 0.782499	 0.301670
 18.713754	 -6.780036	 -3.255086	 0.508456	 0.782531	 0.301686
 18.714262	 -6.779254	 -3.254784	 0.508366	 0.782564	 0.301701
 18.714771	 -6.778471	 -3.254482	 0.508276	 0.782597	 0.301717
 18.715279	 -6.777688	 -3.254180	 0.508186	 0.782629	 0.301733
 18.715787	 -6.776906	 -3.253879	 0.508096	 0.782662	 0.301748
 18.716295	 -6.776123	 -3.253577	 0.508006	 0.782694	 0.301764
 18.716803	 -6.775340	 -3.253275	 0.507916	 0.782727	 0.301780
 18.717311	 -6.774558	 -3.252973	 0.507826	 0.782760	 0.301795
 18.717819	 -6.773775	 -3.252672	 0.507736	 0.782792	 0.301811
 18.718327	 -6.772992	 -3.252370	 0.507645	 0.782825	 0.301827
 18.718834	 -6.772209	 -3.252068	 0.507555	 0.782857	 0.301842
 18.719342	 -6.771426	 -3.251766	 0.507465	 0.782890	 0.301858
 18.719849	 -6.770644	 -3.251464	 0.507375	 0.782923	 0.301873
 18.720357	 -6.769861	 -3.251162	 0.507285	 0.782955	 0.301889
 18.720864	 -6.769078	 -3.250861	 0.507195	 0.782988	 0.301905
 18.721371	 -6.768295	 -3.250559	 0.507105	 0.783020	 0.301920
 18.721878	 -6.767512	 -3.250257	 0.507015	 0.783053	 0.301936
 18.722385	 -6.766729	 -3.249955	 0.506925	 0.783085	 0.301952
 18.722892	 -6.765946	 -3.249653	 0.506835	 0.783118	 0.301967
 18.723399	 -6.765162	 -3.249351	 0.506745	 0.783150	 0.301983
 18.723906	 -6.764379	 -3.249049	 0.506655	 0.783183	 0.301999
 18.724412	 -6.763596	 -3.248747	 0.506565	 0.783216	 0.302014
 18.724919	 -6.762813	 -3.248445	 0.506475	 0.783248	 0.302030
 18.725425	 -6.762030	 -3.248143	 0.506385	 0.783281	 0.302045
 18.725932	 -6.761246	 -3.247841	 0.506295	 0.783313	 0.302061
 18.726438	 -6.760463	 -3.247539	 0.506205	 0.783346	 0.302077
 18.726944	 -6.759680	 -3.247237	 0.506114	 0.783378	 0.302092
 18.727450	 -6.758896	 -3.246935	 0.506024	 0.783411	 0.302108
 18.727956	 -6.758113	 -3.246632	 0.505934	 0.783443	 0.302124
 18.728462	 -6.757329	 -3.246330	 0.505844	 0.783476	 0.302139
 18.728968	 -6.756546	 -3.246028	 0.505754	 0.783508	 0.302155
 18.729474	 -6.755762	 -3.245726	 0.505664	 0.783541	 0.302170
 18.729980	 -6.754979	 -3.245424	 0.505574	 0.783573	 0.302186
 18.730485	 -6.754195	 -3.245122	 0.505484	 0.783606	 0.302202
 18.730991	 -6.753412	 -3.244820	 0.505394	 0.783638	 0.302217
 18.731496	 -6.752628	 -3.244517	 0.505304	 0.783671	 0.302233
 18.732001	 -6.751844	 -3.244215	 0.505214	 0.783703	 0.302248
 18.732507	 -6.751061	 -3.243913	 0.505124	 0.783735	 0.302264
 18.733012	 -6.750277	 -3.243611	 0.505034	 0.783768	 0.302280
 18.733517	 -6.749493	 -3.243308	 0.504944	 0.783800	 0.302295
 18.734022	 -6.748709	 -3.243006	 0.504854	 0.783833	 0.302311
 18.734527	 -6.747926	 -3.242704	 0.504764	 0.783865	 0.302326
 18.735031	 -6.747142	 -3.242401	 0.504673	 0.783898	 0.302342
 18.735536	 -6.746358	 -3.242099	 0.504583	 0.783930	 0.302358
 18.736041	 -6.745574	 -3.241797	 0.504493	 0.783963	 0.302373
 18.736545	 -6.744790	 -3.241494	 0.504403	 0.783995	 0.302389
 18.737049	 -6.744006	 -3.241192	 0.504313	 0.784027	 0.302404
 18.737554	 -6.743222	 -3.240889	 0.504223	 0.784060	 0.302420
 18.738058	 -6.742438	 -3.240587	 0.504133	 0.784092	 0.302435
 18.738562	 -6.741654	 -3.240285	 0.504043	 0.784125	 0.302451
 18.739066	 -6.740870	 -3.239982	 0.503953	 0.784157	 0.302467
 18.739570	 -6.740085	 -3.239680	 0.503863	 0.784189	 0.302482
 18.740074	 -6.739301	 -3.239377	 0.503773	 0.784222	 0.302498
 18.740578	 -6.738517	 -3.239075	 0.503683	 0.784254	 0.302513
 18.741081	 -6.737733	 -3.238772	 0.503593	 0.784287	 0.302529
 18.741585	 -6.736949	 -3.238470	 0.503503	 0.784319	 0.302544
 18.742089	 -6.736164	 -3.238167	 0.503413	 0.784351	 0.302560
 18.742592	 -6.735380	 -3.237865	 0.503322	 0.784384	 0.302576
 18.743095	 -6.734595	 -3.237562	 0.503232	 0.784416	 0.302591
 18.743599	 -6.733811	 -3.237259	 0.503142	 0.784449	 0.302607
 18.744102	 -6.733027	 -3.236957	 0.503052	 0.784481	 0.302622
 18.744605	 -6.732242	 -3.236654	 0.502962	 0.784513	 0.302638
 18.745108	 -6.731458	 -3.236352	 0.502872	 0.784546	 0.302653
 18.745611	 -6.730673	 -3.236049	 0.502782	 0.784578	 0.302669
 18.746113	 -6.729888	 -3.235746	 0.502692	 0.784610	 0.302684
 18.746616	 -6.729104	 -3.235444	 0.502602	 0.784643	 0.302700
 18.747119	 -6.728319	 -3.235141	 0.502512	 0.784675	 0.302716
 18.747621	 -6.727535	 -3.234838	 0.502422	 0.784707	 0.302731
 18.748124	 -6.726750	 -3.234535	 0.502332	 0.784740	 0.302747
 18.748626	 -6.725965	 -3.234233	 0.502242	 0.784772	 0.302762
 18.749128	 -6.725180	 -3.233930	 0.502151	 0.784804	 0.302778
 18.749630	 -6.724396	 -3.233627	 0.502061	 0.784837	 0.302793
 18.750132	 -6.723611	 -3.233324	 0.501971	 0.784869	 0.302809
 18.750634	 -6.722826	 -3.233021	 0.501881	 0.784901	 0.302824
 18.751136	 -6.722041	 -3.232719	 0.501791	 0.784933	 0.302840
 18.751638	 -6.721256	 -3.232416	 0.501701	 0.784966	 0.302855
 18.752140	 -6.720471	 -3.232113	 0.501611	 0.784998	 0.302871
 18.752641	 -6.719686	 -3.231810	 0.501521	 0.785030	 0.302886
 18.753143	 -6.718901	 -3.231507	 0.501431	 0.785063	 0.302902
 18.753644	 -6.718116	 -3.231204	 0.501341	 0.785095	 0.302917
 18.754146	 -6.717331	 -3.230901	 0.501251	 0.785127	 0.302933
 18.754647	 -6.716546	 -3.230598	 0.501161	 0.785159	 0.302949
 18.755148	 -6.715761	 -3.230296	 0.501071	 0.785192	 0.302964
 18.755649	 -6.714975	 -3.229993	 0.500980	 0.785224	 0.302980
 18.756150	 -6.714190	 -3.229690	 0.500890	 0.785256	 0.302995
 18.756651	 -6.713405	 -3.229387	 0.500800	 0.785288	 0.303011
 18.757152	 -6.712620	 -3.229084	 0.500710	 0.785321	 0.303026
 18.757652	 -6.711834	 -3.228781	 0.500620	 0.785353	 0.303042
 18.758153	 -6.711049	 -3.228478	 0.500530	 0.785385	 0.303057
 18.758654	 -6.710264	 -3.228174	 0.500440	 0.785417	 0.303073
 18.759154	 -6.709478	 -3.227871	 0.500350	 0.785450	 0.303088
 18.759654	 -6.708693	 -3.227568	 0.500260	 0.785482	 0.303104
 18.760155	 -6.707907	 -3.227265	 0.500170	 0.785514	 0.303119
 18.760655	 -6.707122	 -3.226962	 0.500080	 0.785546	 0.303135
 18.761155	 -6.706336	 -3.226659	 0.499990	 0.785578	 0.303150
 18.761655	 -6.705551	 -3.226356	 0.499900	 0.785611	 0.303166
 18.762155	 -6.704765	 -3.226053	 0.499809	 0.785643	 0.303181
 18.762655	 -6.703979	 -3.225749	 0.499719	 0.785675	 0.303197
 18.763154	 -6.703194	 -3.225446	 0.499629	 0.785707	 0.303212
 18.763654	 -6.702408	 -3.225143	 0.499539	 0.785739	 0.303228
 18.764153	 -6.701622	 -3.224840	 0.499449	 0.785772	 0.303243
 18.764653	 -6.700836	 -3.224537	 0.499359	 0.785804	 0.303258
 18.765152	 -6.700051	 -3.224233	 0.499269	 0.785836	 0.303274
 18.765652	 -6.699265	 -3.223930	 0.499179	 0.785868	 0.303289
 18.766151	 -6.698479	 -3.223627	 0.499089	 0.785900	 0.303305
 18.766650	 -6.697693	 -3.223323	 0.498999	 0.785932	 0.303320
 18.767149	 -6.696907	 -3.223020	 0.498909	 0.785965	 0.303336
 18.767648	 -6.696121	 -3.222717	 0.498819	 0.785997	 0.303351
 18.768147	 -6.695335	 -3.222413	 0.498728	 0.786029	 0.303367
 18.768645	 -6.694549	 -3.222110	 0.498638	 0.786061	 0.303382
 18.769144	 -6.693763	 -3.221807	 0.498548	 0.786093	 0.303398
 18.769642	 -6.692977	 -3.221503	 0.498458	 0.786125	 0.303413
 18.770141	 -6.692191	 -3.221200	 0.498368	 0.786157	 0.303429
 18.770639	 -6.691405	 -3.220896	 0.498278	 0.786189	 0.303444
 18.771138	 -6.690618	 -3.220593	 0.498188	 0.786222	 0.303460
 18.771636	 -6.689832	 -3.220290	 0.498098	 0.786254	 0.303475
 18.772134	 -6.689046	 -3.219986	 0.498008	 0.786286	 0.303491
 18.772632	 -6.688260	 -3.219683	 0.497918	 0.786318	 0.303506
 18.773130	 -6.687473	 -3.219379	 0.497828	 0.786350	 0.303521
 18.773628	 -6.686687	 -3.219076	 0.497737	 0.786382	 0.303537
 18.774125	 -6.685901	 -3.218772	 0.497647	 0.786414	 0.303552
 18.774623	 -6.685114	 -3.218468	 0.497557	 0.786446	 0.303568
 18.775121	 -6.684328	 -3.218165	 0.497467	 0.786478	 0.303583
 18.775618	 -6.683541	 -3.217861	 0.497377	 0.786510	 0.303599
 18.776115	 -6.682755	 -3.217558	 0.497287	 0.786542	 0.303614
 18.776613	 -6.681968	 -3.217254	 0.497197	 0.786575	 0.303630
 18.777110	 -6.681182	 -3.216950	 0.497107	 0.786607	 0.303645
 18.777607	 -6.680395	 -3.216647	 0.497017	 0.786639	 0.303660
 18.778104	 -6.679608	 -3.216343	 0.496927	 0.786671	 0.303676
 18.778601	 -6.678822	 -3.216039	 0.496837	 0.786703	 0.303691
 18.779098	 -6.678035	 -3.215736	 0.496746	 0.786735	 0.303707
 18.779595	 -6.677248	 -3.215432	 0.496656	 0.786767	 0.303722
 18.780091	 -6.676462	 -3.215128	 0.496566	 0.786799	 0.303738
 18.780588	 -6.675675	 -3.214825	 0.496476	 0.786831	 0.303753
 18.781084	 -6.674888	 -3.214521	 0.496386	 0.786863	 0.303768
 18.781581	 -6.674101	 -3.214217	 0.496296	 0.786895	 0.303784
 18.782077	 -6.673314	 -3.213913	 0.496206	 0.786927	 0.303799
 18.782573	 -6.672527	 -3.213610	 0.496116	 0.786959	 0.303815
 18.783069	 -6.671740	 -3.213306	 0.496026	 0.786991	 0.303830
 18.783565	 -6.670953	 -3.213002	 0.495936	 0.787023	 0.303845
 18.784061	 -6.670166	 -3.212698	 0.495845	 0.787055	 0.303861
 18.784557	 -6.669379	 -3.212394	 0.495755	 0.787087	 0.303876
 18.785053	 -6.668592	 -3.212090	 0.495665	 0.787119	 0.303892
 18.785548	 -6.667805	 -3.211786	 0.495575	 0.787151	 0.303907
 18.786044	 -6.667018	 -3.211482	 0.495485	 0.787183	 0.303923
 18.786540	 -6.666231	 -3.211179	 0.495395	 0.787215	 0.303938
 18.787035	 -6.665443	 -3.210875	 0.495305	 0.787247	 0.303953
 18.787530	 -6.664656	 -3.210571	 0.495215	 0.787279	 0.303969
 18.788025	 -6.663869	 -3.210267	 0.495125	 0.787311	 0.303984
 18.788521	 -6.663082	 -3.209963	 0.495035	 0.787343	 0.303999
 18.789016	 -6.662294	 -3.209659	 0.494944	 0.787375	 0.304015
 18.789511	 -6.661507	 -3.209355	 0.494854	 0.787407	 0.304030
 18.790005	 -6.660719	 -3.209051	 0.494764	 0.787439	 0.304046
 18.790500	 -6.659932	 -3.208747	 0.494674	 0.787471	 0.304061
 18.790995	 -6.659145	 -3.208443	 0.494584	 0.787502	 0.304076
 18.791489	 -6.658357	 -3.208138	 0.494494	 0.787534	 0.304092
 18.791984	 -6.657570	 -3.207834	 0.494404	 0.787566	 0.304107
 18.792478	 -6.656782	 -3.207530	 0.494314	 0.787598	 0.304123
 18.792973	 -6.655994	 -3.207226	 0.494224	 0.787630	 0.304138
 18.793467	 -6.655207	 -3.206922	 0.494134	 0.787662	 0.304153
 18.793961	 -6.654419	 -3.206618	 0.494043	 0.787694	 0.304169
 18.794455	 -6.653631	 -3.206314	 0.493953	 0.787726	 0.304184
 18.794949	 -6.652844	 -3.206010	 0.493863	 0.787758	 0.304199
 18.795443	 -6.652056	 -3.205705	 0.493773	 0.787790	 0.304215
 18.795937	 -6.651268	 -3.205401	 0.493683	 0.787822	 0.304230
 18.796430	 -6.650480	 -3.205097	 0.493593	 0.787853	 0.304246
 18.796924	 -6.649692	 -3.204793	 0.493503	 0.787885	 0.304261
 18.797417	 -6.648905	 -3.204488	 0.493413	 0.787917	 0.304276
 18.797911	 -6.648117	 -3.204184	 0.493323	 0.787949	 0.304292
 18.798404	 -6.647329	 -3.203880	 0.493233	 0.787981	 0.304307
 18.798897	 -6.646541	 -3.203575	 0.493142	 0.788013	 0.304322
 18.799391	 -6.645753	 -3.203271	 0.493052	 0.788045	 0.304338
 18.799884	 -6.644965	 -3.202967	 0.492962	 0.788077	 0.304353
 18.800377	 -6.644177	 -3.202662	 0.492872	 0.788108	 0.304368
 18.800869	 -6.643388	 -3.202358	 0.492782	 0.788140	 0.304384
 18.801362	 -6.642600	 -3.202054	 0.492692	 0.788172	 0.304399
 18.801855	 -6.641812	 -3.201749	 0.492602	 0.788204	 0.304414
 18.802347	 -6.641024	 -3.201445	 0.492512	 0.788236	 0.304430
 18.802840	 -6.640236	 -3.201140	 0.492422	 0.788268	 0.304445
 18.803332	 -6.639447	 -3.200836	 0.492331	 0.788299	 0.304461
 18.803825	 -6.638659	 -3.200532	 0.492241	 0.788331	 0.304476
 18.804317	 -6.637871	 -3.200227	 0.492151	 0.788363	 0.304491
 18.804809	 -6.637082	 -3.199923	 0.492061	 0.788395	 0.304507
 18.805301	 -6.636294	 -3.199618	 0.491971	 0.788427	 0.304522
 18.805793	 -6.635506	 -3.199314	 0.491881	 0.788458	 0.304537
 18.806285	 -6.634717	 -3.199009	 0.491791	 0.788490	 0.304553
 18.806777	 -6.633929	 -3.198704	 0.491701	 0.788522	 0.304568
 18.807269	 -6.633140	 -3.198400	 0.491611	 0.788554	 0.304583
 18.807760	 -6.632352	 -3.198095	 0.491520	 0.788586	 0.304599
 18.808252	 -6.631563	 -3.197791	 0.491430	 0.788617	 0.304614
 18.808743	 -6.630774	 -3.197486	 0.491340	 0.788649	 0.304629
 18.809234	 -6.629986	 -3.197182	 0.491250	 0.788681	 0.304644
 18.809726	 -6.629197	 -3.196877	 0.491160	 0.788713	 0.304660
 18.810217	 -6.628408	 -3.196572	 0.491070	 0.788744	 0.304675
 18.810708	 -6.627620	 -3.196268	 0.490980	 0.788776	 0.304690
 18.811199	 -6.626831	 -3.195963	 0.490890	 0.788808	 0.304706
 18.811690	 -6.626042	 -3.195658	 0.490800	 0.788840	 0.304721
 18.812181	 -6.625253	 -3.195353	 0.490709	 0.788871	 0.304736
 18.812671	 -6.624464	 -3.195049	 0.490619	 0.788903	 0.304752
 18.813162	 -6.623675	 -3.194744	 0.490529	 0.788935	 0.304767
 18.813652	 -6.622886	 -3.194439	 0.490439	 0.788967	 0.304782
 18.814143	 -6.622098	 -3.194134	 0.490349	 0.788998	 0.304798
 18.814633	 -6.621309	 -3.193830	 0.490259	 0.789030	 0.304813
 18.815123	 -6.620519	 -3.193525	 0.490169	 0.789062	 0.304828
 18.815614	 -6.619730	 -3.193220	 0.490079	 0.789093	 0.304843
 18.816104	 -6.618941	 -3.192915	 0.489988	 0.789125	 0.304859
 18.816594	 -6.618152	 -3.192610	 0.489898	 0.789157	 0.304874
 18.817084	 -6.617363	 -3.192305	 0.489808	 0.789189	 0.304889
 18.817573	 -6.616574	 -3.192000	 0.489718	 0.789220	 0.304905
 18.818063	 -6.615785	 -3.191696	 0.489628	 0.789252	 0.304920
 18.818553	 -6.614995	 -3.191391	 0.489538	 0.789284	 0.304935
 18.819042	 -6.614206	 -3.191086	 0.489448	 0.789315	 0.304950
 18.819532	 -6.613417	 -3.190781	 0.489358	 0.789347	 0.304966
 18.820021	 -6.612627	 -3.190476	 0.489267	 0.789379	 0.304981
 18.820510	 -6.611838	 -3.190171	 0.489177	 0.789410	 0.304996
 18.821000	 -6.611049	 -3.189866	 0.489087	 0.789442	 0.305012
 18.821489	 -6.610259	 -3.189561	 0.488997	 0.789474	 0.305027
 18.821978	 -6.609470	 -3.189256	 0.488907	 0.789505	 0.305042
 18.822467	 -6.608680	 -3.188951	 0.488817	 0.789537	 0.305057
 18.822955	 -6.607891	 -3.188646	 0.488727	 0.789569	 0.305073
 18.823444	 -6.607101	 -3.188341	 0.488637	 0.789600	 0.305088
 18.823933	 -6.606312	 -3.188036	 0.488547	 0.789632	 0.305103
 18.824421	 -6.605522	 -3.187730	 0.488456	 0.789663	 0.305118
 18.824910	 -6.604732	 -3.187425	 0.488366	 0.789695	 0.305134
 18.825398	 -6.603943	 -3.187120	 0.488276	 0.789727	 0.305149
 18.825886	 -6.603153	 -3.186815	 0.488186	 0.789758	 0.305164
 18.826375	 -6.602363	 -3.186510	 0.488096	 0.789790	 0.305180
 18.826863	 -6.601573	 -3.186205	 0.488006	 0.789822	 0.305195
 18.827351	 -6.600783	 -3.185899	 0.487916	 0.789853	 0.305210
 18.827839	 -6.599994	 -3.185594	 0.487825	 0.789885	 0.305225
 18.828326	 -6.599204	 -3.185289	 0.487735	 0.789916	 0.305241
 18.828814	 -6.598414	 -3.184984	 0.487645	 0.789948	 0.305256
 18.829302	 -6.597624	 -3.184679	 0.487555	 0.789980	 0.305271
 18.829789	 -6.596834	 -3.184373	 0.487465	 0.790011	 0.305286
 18.830277	 -6.596044	 -3.184068	 0.487375	 0.790043	 0.305301
 18.830764	 -6.595254	 -3.183763	 0.487285	 0.790074	 0.305317
 18.831251	 -6.594464	 -3.183457	 0.487195	 0.790106	 0.305332
 18.831739	 -6.593674	 -3.183152	 0.487104	 0.790137	 0.305347
 18.832226	 -6.592883	 -3.182847	 0.487014	 0.790169	 0.305362
 18.832713	 -6.592093	 -3.182541	 0.486924	 0.790201	 0.305378
 18.833200	 -6.591303	 -3.182236	 0.486834	 0.790232	 0.305393
 18.833687	 -6.590513	 -3.181931	 0.486744	 0.790264	 0.305408
 18.834173	 -6.589723	 -3.181625	 0.486654	 0.790295	 0.305423
 18.834660	 -6.588932	 -3.181320	 0.486564	 0.790327	 0.305439
 18.835147	 -6.588142	 -3.181014	 0.486474	 0.790358	 0.305454
 18.835633	 -6.587352	 -3.180709	 0.486383	 0.790390	 0.305469
 18.836119	 -6.586561	 -3.180403	 0.486293	 0.790421	 0.305484
 18.836606	 -6.585771	 -3.180098	 0.486203	 0.790453	 0.305499
 18.837092	 -6.584980	 -3.179792	 0.486113	 0.790484	 0.305515
 18.837578	 -6.584190	 -3.179487	 0.486023	 0.790516	 0.305530
 18.838064	 -6.583399	 -3.179181	 0.485933	 0.790547	 0.305545
 18.838550	 -6.582609	 -3.178876	 0.485843	 0.790579	 0.305560
 18.839036	 -6.581818	 -3.178570	 0.485752	 0.790610	 0.305576
 18.839522	 -6.581028	 -3.178265	 0.485662	 0.790642	 0.305591
 18.840007	 -6.580237	 -3.177959	 0.485572	 0.790673	 0.305606
 18.840493	 -6.579446	 -3.177653	 0.485482	 0.790705	 0.305621
 18.840978	 -6.578656	 -3.177348	 0.485392	 0.790736	 0.305636
 18.841464	 -6.577865	 -3.177042	 0.485302	 0.790768	 0.305652
 18.841949	 -6.577074	 -3.176737	 0.485212	 0.790799	 0.305667
 18.842434	 -6.576283	 -3.176431	 0.485122	 0.790831	 0.305682
 18.842919	 -6.575492	 -3.176125	 0.485031	 0.790862	 0.305697
 18.843404	 -6.574702	 -3.175819	 0.484941	 0.790894	 0.305712
 18.843889	 -6.573911	 -3.175514	 0.484851	 0.790925	 0.305728
 18.844374	 -6.573120	 -3.175208	 0.484761	 0.790956	 0.305743
 18.844859	 -6.572329	 -3.174902	 0.484671	 0.790988	 0.305758
 18.845344	 -6.571538	 -3.174597	 0.484581	 0.791019	 0.305773
 18.845828	 -6.570747	 -3.174291	 0.484491	 0.791051	 0.305788
 18.846313	 -6.569956	 -3.173985	 0.484400	 0.791082	 0.305803
 18.846797	 -6.569165	 -3.173679	 0.484310	 0.791114	 0.305819
 18.847281	 -6.568374	 -3.173373	 0.484220	 0.791145	 0.305834
 18.847766	 -6.567582	 -3.173068	 0.484130	 0.791176	 0.305849
 18.848250	 -6.566791	 -3.172762	 0.484040	 0.791208	 0.305864
 18.848734	 -6.566000	 -3.172456	 0.483950	 0.791239	 0.305879
 18.849218	 -6.565209	 -3.172150	 0.483860	 0.791271	 0.305895
 18.849702	 -6.564418	 -3.171844	 0.483769	 0.791302	 0.305910
 18.850185	 -6.563626	 -3.171538	 0.483679	 0.791333	 0.305925
 18.850669	 -6.562835	 -3.171232	 0.483589	 0.791365	 0.305940
 18.851153	 -6.562044	 -3.170926	 0.483499	 0.791396	 0.305955
 18.851636	 -6.561252	 -3.170620	 0.483409	 0.791428	 0.305970
 18.852119	 -6.560461	 -3.170314	 0.483319	 0.791459	 0.305986
 18.852603	 -6.559669	 -3.170008	 0.483229	 0.791490	 0.306001
 18.853086	 -6.558878	 -3.169702	 0.483138	 0.791522	 0.306016
 18.853569	 -6.558086	 -3.169396	 0.483048	 0.791553	 0.306031
 18.854052	 -6.557295	 -3.169090	 0.482958	 0.791584	 0.306046
 18.854535	 -6.556503	 -3.168784	 0.482868	 0.791616	 0.306061
 18.855018	 -6.555712	 -3.168478	 0.482778	 0.791647	 0.306076
 18.855501	 -6.554920	 -3.168172	 0.482688	 0.791678	 0.306092
 18.855983	 -6.554128	 -3.167866	 0.482598	 0.791710	 0.306107
 18.856466	 -6.553336	 -3.167560	 0.482507	 0.791741	 0.306122
 18.856949	 -6.552545	 -3.167254	 0.482417	 0.791772	 0.306137
 18.857431	 -6.551753	 -3.166948	 0.482327	 0.791804	 0.306152
 18.857913	 -6.550961	 -3.166642	 0.482237	 0.791835	 0.306167
 18.858396	 -6.550169	 -3.166335	 0.482147	 0.791866	 0.306182
 18.858878	 -6.549377	 -3.166029	 0.482057	 0.791898	 0.306198
 18.859360	 -6.548586	 -3.165723	 0.481966	 0.791929	 0.306213
 18.859842	 -6.547794	 -3.165417	 0.481876	 0.791960	 0.306228
 18.860324	 -6.547002	 -3.165111	 0.481786	 0.791992	 0.306243
 18.860805	 -6.546210	 -3.164804	 0.481696	 0.792023	 0.306258
 18.861287	 -6.545418	 -3.164498	 0.481606	 0.792054	 0.306273
 18.861769	 -6.544626	 -3.164192	 0.481516	 0.792086	 0.306288
 18.862250	 -6.543834	 -3.163885	 0.481426	 0.792117	 0.306304
 18.862732	 -6.543041	 -3.163579	 0.481335	 0.792148	 0.306319
 18.863213	 -6.542249	 -3.163273	 0.481245	 0.792179	 0.306334
 18.863694	 -6.541457	 -3.162967	 0.481155	 0.792211	 0.306349
 18.864175	 -6.540665	 -3.162660	 0.481065	 0.792242	 0.306364
 18.864656	 -6.539873	 -3.162354	 0.480975	 0.792273	 0.306379
 18.865137	 -6.539080	 -3.162047	 0.480885	 0.792304	 0.306394
 18.865618	 -6.538288	 -3.161741	 0.480794	 0.792336	 0.306409
 18.866099	 -6.537496	 -3.161435	 0.480704	 0.792367	 0.306424
 18.866580	 -6.536703	 -3.161128	 0.480614	 0.792398	 0.306440
 18.867060	 -6.535911	 -3.160822	 0.480524	 0.792429	 0.306455
 18.867541	 -6.535119	 -3.160515	 0.480434	 0.792461	 0.306470
 18.868021	 -6.534326	 -3.160209	 0.480344	 0.792492	 0.306485
 18.868502	 -6.533534	 -3.159902	 0.480254	 0.792523	 0.306500
 18.868982	 -6.532741	 -3.159596	 0.480163	 0.792554	 0.306515
 18.869462	 -6.531948	 -3.159289	 0.480073	 0.792586	 0.306530
 18.869942	 -6.531156	 -3.158983	 0.479983	 0.792617	 0.306545
 18.870422	 -6.530363	 -3.158676	 0.479893	 0.792648	 0.306560
 18.870902	 -6.529571	 -3.158370	 0.479803	 0.792679	 0.306575
 18.871382	 -6.528778	 -3.158063	 0.479713	 0.792710	 0.306591
 18.871862	 -6.527985	 -3.157757	 0.479622	 0.792742	 0.306606
 18.872341	 -6.527192	 -3.157450	 0.479532	 0.792773	 0.306621
 18.872821	 -6.526400	 -3.157143	 0.479442	 0.792804	 0.306636
 18.873300	 -6.525607	 -3.156837	 0.479352	 0.792835	 0.306651
 18.873780	 -6.524814	 -3.156530	 0.479262	 0.792866	 0.306666
 18.874259	 -6.524021	 -3.156223	 0.479172	 0.792897	 0.306681
 18.874738	 -6.523228	 -3.155917	 0.479081	 0.792929	 0.306696
 18.875217	 -6.522435	 -3.155610	 0.478991	 0.792960	 0.306711
 18.875696	 -6.521642	 -3.155303	 0.478901	 0.792991	 0.306726
 18.876175	 -6.520849	 -3.154997	 0.478811	 0.793022	 0.306741
 18.876654	 -6.520056	 -3.154690	 0.478721	 0.793053	 0.306756
 18.877132	 -6.519263	 -3.154383	 0.478631	 0.793084	 0.306771
 18.877611	 -6.518470	 -3.154076	 0.478540	 0.793115	 0.306787
 18.878090	 -6.517677	 -3.153769	 0.478450	 0.793147	 0.306802
 18.878568	 -6.516884	 -3.153463	 0.478360	 0.793178	 0.306817
 18.879046	 -6.516091	 -3.153156	 0.478270	 0.793209	 0.306832
 18.879525	 -6.515298	 -3.152849	 0.478180	 0.793240	 0.306847
 18.880003	 -6.514504	 -3.152542	 0.478090	 0.793271	 0.306862
 18.880481	 -6.513711	 -3.152235	 0.477999	 0.793302	 0.306877
 18.880959	 -6.512918	 -3.151928	 0.477909	 0.793333	 0.306892
 18.881437	 -6.512124	 -3.151622	 0.477819	 0.793364	 0.306907
 18.881915	 -6.511331	 -3.151315	 0.477729	 0.793396	 0.306922
 18.882392	 -6.510538	 -3.151008	 0.477639	 0.793427	 0.306937
 18.882870	 -6.509744	 -3.150701	 0.477549	 0.793458	 0.306952
 18.883348	 -6.508951	 -3.150394	 0.477458	 0.793489	 0.306967
 18.883825	 -6.508157	 -3.150087	 0.477368	 0.793520	 0.306982
 18.884302	 -6.507364	 -3.149780	 0.477278	 0.793551	 0.306997
 18.884780	 -6.506570	 -3.149473	 0.477188	 0.793582	 0.307012
 18.885257	 -6.505777	 -3.149166	 0.477098	 0.793613	 0.307027
 18.885734	 -6.504983	 -3.148859	 0.477008	 0.793644	 0.307042
 18.886211	 -6.504189	 -3.148552	 0.476917	 0.793675	 0.307057
 18.886688	 -6.503396	 -3.148245	 0.476827	 0.793706	 0.307072
 18.887165	 -6.502602	 -3.147938	 0.476737	 0.793737	 0.307087
 18.887642	 -6.501808	 -3.147631	 0.476647	 0.793768	 0.307103
 18.888118	 -6.501015	 -3.147323	 0.476557	 0.793799	 0.307118
 18.888595	 -6.500221	 -3.147016	 0.476467	 0.793830	 0.307133
 18.889071	 -6.499427	 -3.146709	 0.476376	 0.793861	 0.307148
 18.889548	 -6.498633	 -3.146402	 0.476286	 0.793892	 0.307163
 18.890024	 -6.497839	 -3.146095	 0.476196	 0.793923	 0.307178
 18.890500	 -6.497045	 -3.145788	 0.476106	 0.793955	 0.307193
 18.890976	 -6.496251	 -3.145481	 0.476016	 0.793986	 0.307208
 18.891452	 -6.495457	 -3.145173	 0.475926	 0.794017	 0.307223
 18.891928	 -6.494663	 -3.144866	 0.475835	 0.794048	 0.307238
 18.892404	 -6.493869	 -3.144559	 0.475745	 0.794079	 0.307253
 18.892880	 -6.493075	 -3.144252	 0.475655	 0.794110	 0.307268
 18.893355	 -6.492281	 -3.143944	 0.475565	 0.794141	 0.307283
 18.893831	 -6.491487	 -3.143637	 0.475475	 0.794172	 0.307298
 18.894306	 -6.490693	 -3.143330	 0.475385	 0.794203	 0.307313
 18.894782	 -6.489899	 -3.143022	 0.475294	 0.794233	 0.307328
 18.895257	 -6.489104	 -3.142715	 0.475204	 0.794264	 0.307343
 18.895732	 -6.488310	 -3.142408	 0.475114	 0.794295	 0.307358
 18.896207	 -6.487516	 -3.142100	 0.475024	 0.794326	 0.307373
 18.896682	 -6.486721	 -3.141793	 0.474934	 0.794357	 0.307388
 18.897157	 -6.485927	 -3.141486	 0.474843	 0.794388	 0.307403
 18.897632	 -6.485133	 -3.141178	 0.474753	 0.794419	 0.307418
 18.898107	 -6.484338	 -3.140871	 0.474663	 0.794450	 0.307433
 18.898582	 -6.483544	 -3.140563	 0.474573	 0.794481	 0.307448
 18.899056	 -6.482749	 -3.140256	 0.474483	 0.794512	 0.307463
 18.899531	 -6.481955	 -3.139949	 0.474393	 0.794543	 0.307478
 18.900005	 -6.481160	 -3.139641	 0.474302	 0.794574	 0.307493
 18.900479	 -6.480366	 -3.139334	 0.474212	 0.794605	 0.307508
