 0.072819	 -0.658224	 -0.300744	 7.301159	 0.818121	 -0.093979
 0.080120	 -0.657405	 -0.300838	 7.293687	 0.885657	 -0.063121
 0.087414	 -0.656520	 -0.300901	 7.285469	 0.953092	 -0.032262
 0.094699	 -0.655567	 -0.300934	 7.276505	 1.020417	 -0.001405
 0.101976	 -0.654546	 -0.300935	 7.266796	 1.087626	 0.029446
 0.109243	 -0.653459	 -0.300906	 7.256344	 1.154712	 0.060290
 0.116499	 -0.652304	 -0.300845	 7.245151	 1.221669	 0.091122
 0.123744	 -0.651082	 -0.300754	 7.233217	 1.288490	 0.121941
 0.130977	 -0.649794	 -0.300632	 7.220544	 1.355168	 0.152741
 0.138198	 -0.648439	 -0.300479	 7.207134	 1.421696	 0.183521
 0.145405	 -0.647017	 -0.300296	 7.192988	 1.488069	 0.214277
 0.152598	 -0.645529	 -0.300082	 7.178109	 1.554278	 0.245007
 0.159776	 -0.643975	 -0.299837	 7.162498	 1.620319	 0.275706
 0.166939	 -0.642354	 -0.299561	 7.146156	 1.686183	 0.306373
 0.174085	 -0.640668	 -0.299255	 7.129086	 1.751865	 0.337004
 0.181214	 -0.638916	 -0.298918	 7.111290	 1.817357	 0.367595
 0.188325	 -0.637099	 -0.298550	 7.092770	 1.882654	 0.398144
 0.195418	 -0.635216	 -0.298152	 7.073528	 1.947749	 0.428648
 0.202492	 -0.633268	 -0.297723	 7.053567	 2.012635	 0.459104
 0.209545	 -0.631256	 -0.297264	 7.032888	 2.077306	 0.489508
 0.216578	 -0.629179	 -0.296775	 7.011494	 2.141756	 0.519858
 0.223589	 -0.627037	 -0.296255	 6.989387	 2.205977	 0.550150
 0.230579	 -0.624831	 -0.295705	 6.966571	 2.269964	 0.580382
 0.237545	 -0.622561	 -0.295124	 6.943047	 2.333710	 0.610550
 0.244488	 -0.620227	 -0.294514	 6.918818	 2.397209	 0.640652
 0.251407	 -0.617830	 -0.293873	 6.893887	 2.460455	 0.670684
 0.258301	 -0.615369	 -0.293202	 6.868257	 2.523441	 0.700643
 0.265169	 -0.612846	 -0.292502	 6.841930	 2.586160	 0.730527
 0.272011	 -0.610260	 -0.291771	 6.814910	 2.648608	 0.760332
 0.278826	 -0.607611	 -0.291011	 6.787200	 2.710777	 0.790056
 0.285613	 -0.604900	 -0.290221	 6.758802	 2.772661	 0.819695
 0.292372	 -0.602128	 -0.289401	 6.729719	 2.834254	 0.849246
 0.299102	 -0.599294	 -0.288552	 6.699956	 2.895551	 0.878707
 0.305802	 -0.596398	 -0.287673	 6.669515	 2.956544	 0.908075
 0.312471	 -0.593441	 -0.286765	 6.638399	 3.017228	 0.937346
 0.319110	 -0.590424	 -0.285828	 6.606612	 3.077598	 0.966518
 0.325716	 -0.587347	 -0.284861	 6.574158	 3.137645	 0.995587
 0.332291	 -0.584209	 -0.283866	 6.541039	 3.197366	 1.024552
 0.338832	 -0.581012	 -0.282841	 6.507260	 3.256754	 1.053408
 0.345339	 -0.577755	 -0.281788	 6.472824	 3.315803	 1.082153
 0.351812	 -0.574439	 -0.280705	 6.437736	 3.374507	 1.110785
 0.358250	 -0.571065	 -0.279595	 6.401997	 3.432860	 1.139300
 0.364652	 -0.567632	 -0.278455	 6.365614	 3.490857	 1.167695
 0.371017	 -0.564141	 -0.277288	 6.328589	 3.548492	 1.195969
 0.377346	 -0.560592	 -0.276092	 6.290926	 3.605759	 1.224117
 0.383637	 -0.556987	 -0.274868	 6.252630	 3.662653	 1.252137
 0.389889	 -0.553324	 -0.273615	 6.213704	 3.719167	 1.280026
 0.396103	 -0.549605	 -0.272335	 6.174154	 3.775297	 1.307782
 0.402277	 -0.545829	 -0.271028	 6.133982	 3.831036	 1.335401
 0.408411	 -0.541998	 -0.269692	 6.093194	 3.886379	 1.362881
 0.414504	 -0.538112	 -0.268329	 6.051794	 3.941321	 1.390220
 0.420556	 -0.534171	 -0.266939	 6.009785	 3.995857	 1.417414
 0.426566	 -0.530175	 -0.265522	 5.967174	 4.049980	 1.444461
 0.432533	 -0.526125	 -0.264077	 5.923963	 4.103686	 1.471358
 0.438457	 -0.522021	 -0.262606	 5.880159	 4.156969	 1.498102
 0.444337	 -0.517864	 -0.261108	 5.835765	 4.209824	 1.524691
 0.450173	 -0.513654	 -0.259583	 5.790786	 4.262246	 1.551122
 0.455964	 -0.509392	 -0.258032	 5.745227	 4.314229	 1.577393
 0.461709	 -0.505078	 -0.256455	 5.699093	 4.365769	 1.603501
 0.467408	 -0.500712	 -0.254851	 5.652388	 4.416861	 1.629442
 0.473060	 -0.496295	 -0.253222	 5.605118	 4.467499	 1.655216
 0.478666	 -0.491828	 -0.251566	 5.557288	 4.517678	 1.680818
 0.484223	 -0.487310	 -0.249886	 5.508903	 4.567393	 1.706248
 0.489732	 -0.482743	 -0.248179	 5.459968	 4.616641	 1.731501
 0.495192	 -0.478126	 -0.246448	 5.410488	 4.665415	 1.756576
 0.500602	 -0.473461	 -0.244691	 5.360468	 4.713711	 1.781470
 0.505963	 -0.468747	 -0.242910	 5.309913	 4.761524	 1.806181
 0.511273	 -0.463985	 -0.241104	 5.258830	 4.808850	 1.830705
 0.516531	 -0.459177	 -0.239273	 5.207223	 4.855684	 1.855042
 0.521739	 -0.454321	 -0.237418	 5.155098	 4.902022	 1.879188
 0.526894	 -0.449419	 -0.235539	 5.102460	 4.947858	 1.903141
 0.531996	 -0.444471	 -0.233636	 5.049315	 4.993189	 1.926899
 0.537046	 -0.439478	 -0.231709	 4.995668	 5.038009	 1.950459
 0.542041	 -0.434440	 -0.229758	 4.941525	 5.082315	 1.973818
 0.546983	 -0.429358	 -0.227784	 4.886893	 5.126103	 1.996976
 0.551870	 -0.424231	 -0.225787	 4.831775	 5.169368	 2.019929
 0.556701	 -0.419062	 -0.223767	 4.776180	 5.212105	 2.042675
 0.561478	 -0.413850	 -0.221725	 4.720111	 5.254311	 2.065212
 0.566198	 -0.408596	 -0.219660	 4.663576	 5.295982	 2.087537
 0.570861	 -0.403300	 -0.217572	 4.606579	 5.337113	 2.109649
 0.575468	 -0.397963	 -0.215462	 4.549128	 5.377701	 2.131546
 0.580017	 -0.392585	 -0.213331	 4.491228	 5.417742	 2.153224
 0.584508	 -0.387167	 -0.211178	 4.432885	 5.457231	 2.174683
 0.588941	 -0.381710	 -0.209003	 4.374105	 5.496166	 2.195920
 0.593315	 -0.376214	 -0.206807	 4.314895	 5.534542	 2.216932
 0.597630	 -0.370679	 -0.204590	 4.255260	 5.572356	 2.237718
 0.601885	 -0.365107	 -0.202352	 4.195207	 5.609603	 2.258277
 0.606081	 -0.359497	 -0.200094	 4.134743	 5.646281	 2.278605
 0.610215	 -0.353851	 -0.197816	 4.073873	 5.682386	 2.298700
 0.614289	 -0.348169	 -0.195517	 4.012604	 5.717915	 2.318562
 0.618302	 -0.342451	 -0.193198	 3.950942	 5.752863	 2.338188
 0.622253	 -0.336698	 -0.190860	 3.888895	 5.787229	 2.357576
 0.626142	 -0.330911	 -0.188502	 3.826467	 5.821008	 2.376724
 0.629968	 -0.325090	 -0.186126	 3.763667	 5.854198	 2.395630
 0.633732	 -0.319235	 -0.183730	 3.700499	 5.886795	 2.414293
 0.637432	 -0.313349	 -0.181316	 3.636972	 5.918796	 2.432711
 0.641069	 -0.307430	 -0.178883	 3.573092	 5.950198	 2.450881
 0.644642	 -0.301480	 -0.176432	 3.508865	 5.980999	 2.468803
 0.648151	 -0.295499	 -0.173963	 3.444297	 6.011195	 2.486475
 0.651595	 -0.289487	 -0.171477	 3.379397	 6.040784	 2.503894
 0.654975	 -0.283447	 -0.168973	 3.314170	 6.069762	 2.521059
 0.658289	 -0.277377	 -0.166452	 3.248624	 6.098128	 2.537969
 0.661538	 -0.271279	 -0.163914	 3.182765	 6.125878	 2.554622
 0.664720	 -0.265153	 -0.161359	 3.116600	 6.153011	 2.571016
 0.667837	 -0.259000	 -0.158788	 3.050135	 6.179523	 2.587150
 0.670887	 -0.252820	 -0.156201	 2.983379	 6.205412	 2.603023
 0.673871	 -0.246615	 -0.153598	 2.916337	 6.230677	 2.618632
 0.676787	 -0.240384	 -0.150980	 2.849018	 6.255314	 2.633976
 0.679636	 -0.234129	 -0.148346	 2.781427	 6.279321	 2.649055
 0.682417	 -0.227850	 -0.145697	 2.713572	 6.302696	 2.663865
 0.685131	 -0.221547	 -0.143033	 2.645460	 6.325438	 2.678407
 0.687776	 -0.215221	 -0.140354	 2.577098	 6.347544	 2.692679
 0.690353	 -0.208874	 -0.137662	 2.508493	 6.369012	 2.706679
 0.692862	 -0.202505	 -0.134955	 2.439652	 6.389841	 2.720407
 0.695302	 -0.196115	 -0.132235	 2.370582	 6.410028	 2.733860
 0.697672	 -0.189705	 -0.129501	 2.301291	 6.429572	 2.747038
 0.699973	 -0.183275	 -0.126754	 2.231786	 6.448471	 2.759939
 0.702205	 -0.176827	 -0.123994	 2.162073	 6.466724	 2.772563
 0.704367	 -0.170360	 -0.121221	 2.092161	 6.484329	 2.784908
 0.706459	 -0.163876	 -0.118436	 2.022056	 6.501285	 2.796973
 0.708482	 -0.157375	 -0.115639	 1.951766	 6.517590	 2.808757
 0.710433	 -0.150857	 -0.112830	 1.881297	 6.533243	 2.820259
 0.712315	 -0.144324	 -0.110010	 1.810658	 6.548243	 2.831478
 0.714125	 -0.137776	 -0.107179	 1.739855	 6.562588	 2.842413
 0.715865	 -0.131213	 -0.104336	 1.668896	 6.576279	 2.853063
 0.717534	 -0.124637	 -0.101483	 1.597788	 6.589312	 2.863427
 0.719132	 -0.118047	 -0.098620	 1.526539	 6.601688	 2.873504
 0.720658	 -0.111446	 -0.095746	 1.455155	 6.613406	 2.883293
 0.722113	 -0.104832	 -0.092863	 1.383644	 6.624465	 2.892794
 0.723497	 -0.098208	 -0.089970	 1.312014	 6.634864	 2.902005
 0.724809	 -0.091573	 -0.087068	 1.240272	 6.644602	 2.910927
 0.726049	 -0.084928	 -0.084157	 1.168425	 6.653679	 2.919558
 0.727218	 -0.078275	 -0.081238	 1.096481	 6.662095	 2.927897
 0.728314	 -0.071613	 -0.078310	 1.024446	 6.669848	 2.935944
 0.729339	 -0.064943	 -0.075374	 0.952330	 6.676939	 2.943698
 0.730291	 -0.058266	 -0.072430	 0.880137	 6.683367	 2.951159
 0.731171	 -0.051582	 -0.069479	 0.807878	 6.689133	 2.958325
 0.731979	 -0.044893	 -0.066521	 0.735557	 6.694235	 2.965198
 0.732715	 -0.038199	 -0.063556	 0.663184	 6.698673	 2.971775
 0.733378	 -0.031500	 -0.060584	 0.590765	 6.702449	 2.978056
 0.733969	 -0.024798	 -0.057606	 0.518308	 6.705561	 2.984042
 0.734487	 -0.018092	 -0.054622	 0.445820	 6.708010	 2.989731
 0.734933	 -0.011384	 -0.051632	 0.373309	 6.709796	 2.995124
 0.735306	 -0.004675	 -0.048637	 0.300781	 6.710920	 3.000219
 0.735607	 0.002036	 -0.045637	 0.228245	 6.711381	 3.005017
 0.735835	 0.008748	 -0.042632	 0.155708	 6.711180	 3.009517
 0.735991	 0.015459	 -0.039622	 0.083177	 6.710318	 3.013719
 0.736074	 0.022169	 -0.036608	 0.010660	 6.708795	 3.017623
 0.736085	 0.028878	 -0.033591	 -0.061837	 6.706611	 3.021229
 0.736023	 0.035585	 -0.030569	 -0.134306	 6.703768	 3.024536
 0.735888	 0.042288	 -0.027545	 -0.206738	 6.700266	 3.027544
 0.735682	 0.048989	 -0.024517	 -0.279128	 6.696106	 3.030254
 0.735403	 0.055685	 -0.021487	 -0.351468	 6.691289	 3.032665
 0.735051	 0.062376	 -0.018454	 -0.423751	 6.685816	 3.034777
 0.734627	 0.069062	 -0.015420	 -0.495968	 6.679687	 3.036590
 0.734131	 0.075742	 -0.012383	 -0.568114	 6.672905	 3.038104
 0.733563	 0.082415	 -0.009345	 -0.640180	 6.665470	 3.039320
 0.732923	 0.089080	 -0.006306	 -0.712159	 6.657383	 3.040237
 0.732211	 0.095737	 -0.003265	 -0.784045	 6.648646	 3.040855
 0.731427	 0.102386	 -0.000225	 -0.855830	 6.639260	 3.041175
 0.730571	 0.109025	 0.002817	 -0.927506	 6.629227	 3.041197
 0.729644	 0.115655	 0.005858	 -0.999067	 6.618548	 3.040921
 0.728645	 0.122273	 0.008899	 -1.070506	 6.607224	 3.040348
 0.727574	 0.128880	 0.011939	 -1.141814	 6.595258	 3.039477
 0.726432	 0.135476	 0.014979	 -1.212986	 6.582651	 3.038309
 0.725219	 0.142058	 0.018017	 -1.284014	 6.569404	 3.036844
 0.723935	 0.148628	 0.021054	 -1.354891	 6.555521	 3.035084
 0.722580	 0.155183	 0.024089	 -1.425610	 6.541002	 3.033027
 0.721155	 0.161724	 0.027122	 -1.496164	 6.525849	 3.030675
 0.719659	 0.168250	 0.030152	 -1.566546	 6.510066	 3.028028
 0.718092	 0.174760	 0.033180	 -1.636749	 6.493653	 3.025087
 0.716455	 0.181254	 0.036206	 -1.706766	 6.476613	 3.021851
 0.714748	 0.187730	 0.039227	 -1.776591	 6.458948	 3.018323
 0.712972	 0.194189	 0.042246	 -1.846215	 6.440661	 3.014502
 0.711126	 0.200630	 0.045260	 -1.915633	 6.421754	 3.010388
 0.709210	 0.207052	 0.048271	 -1.984837	 6.402229	 3.005984
 0.707225	 0.213454	 0.051277	 -2.053822	 6.382090	 3.001289
 0.705171	 0.219836	 0.054278	 -2.122579	 6.361337	 2.996303
 0.703049	 0.226197	 0.057274	 -2.191103	 6.339975	 2.991029
 0.700858	 0.232537	 0.060265	 -2.259386	 6.318006	 2.985466
 0.698598	 0.238855	 0.063251	 -2.327423	 6.295432	 2.979616
 0.696271	 0.245151	 0.066230	 -2.395206	 6.272257	 2.973479
 0.693876	 0.251423	 0.069204	 -2.462728	 6.248483	 2.967056
 0.691413	 0.257671	 0.072171	 -2.529984	 6.224113	 2.960348
 0.688883	 0.263896	 0.075131	 -2.596967	 6.199150	 2.953357
 0.686286	 0.270095	 0.078085	 -2.663669	 6.173598	 2.946082
 0.683622	 0.276268	 0.081031	 -2.730086	 6.147459	 2.938525
 0.680892	 0.282416	 0.083969	 -2.796210	 6.120737	 2.930687
 0.678096	 0.288537	 0.086900	 -2.862035	 6.093434	 2.922569
 0.675234	 0.294630	 0.089822	 -2.927555	 6.065555	 2.914173
 0.672306	 0.300696	 0.092737	 -2.992764	 6.037102	 2.905499
 0.669314	 0.306733	 0.095642	 -3.057655	 6.008079	 2.896548
 0.666256	 0.312741	 0.098539	 -3.122222	 5.978489	 2.887321
 0.663134	 0.318719	 0.101426	 -3.186459	 5.948336	 2.877821
 0.659947	 0.324668	 0.104304	 -3.250359	 5.917624	 2.868047
 0.656697	 0.330585	 0.107172	 -3.313918	 5.886355	 2.858002
 0.653383	 0.336472	 0.110030	 -3.377128	 5.854535	 2.847686
 0.650006	 0.342326	 0.112878	 -3.439985	 5.822166	 2.837101
 0.646566	 0.348148	 0.115715	 -3.502481	 5.789252	 2.826248
 0.643063	 0.353937	 0.118541	 -3.564611	 5.755798	 2.815129
 0.639499	 0.359693	 0.121356	 -3.626370	 5.721806	 2.803744
 0.635872	 0.365415	 0.124160	 -3.687751	 5.687282	 2.792096
 0.632185	 0.371102	 0.126952	 -3.748749	 5.652228	 2.780186
 0.628436	 0.376755	 0.129732	 -3.809358	 5.616650	 2.768015
 0.624627	 0.382371	 0.132500	 -3.869572	 5.580551	 2.755584
 0.620757	 0.387952	 0.135256	 -3.929387	 5.543934	 2.742896
 0.616828	 0.393496	 0.137999	 -3.988796	 5.506806	 2.729951
 0.612839	 0.399003	 0.140728	 -4.047794	 5.469169	 2.716752
 0.608791	 0.404472	 0.143445	 -4.106375	 5.431028	 2.703300
 0.604685	 0.409903	 0.146149	 -4.164535	 5.392388	 2.689596
 0.600520	 0.415295	 0.148838	 -4.222268	 5.353252	 2.675643
 0.596298	 0.420648	 0.151514	 -4.279568	 5.313625	 2.661441
 0.592018	 0.425962	 0.154175	 -4.336431	 5.273512	 2.646992
 0.587682	 0.431236	 0.156822	 -4.392851	 5.232918	 2.632299
 0.583289	 0.436468	 0.159454	 -4.448824	 5.191845	 2.617363
 0.578840	 0.441660	 0.162072	 -4.504344	 5.150301	 2.602186
 0.574336	 0.446811	 0.164674	 -4.559406	 5.108288	 2.586768
 0.569776	 0.451919	 0.167261	 -4.614005	 5.065812	 2.571114
 0.565162	 0.456985	 0.169832	 -4.668137	 5.022877	 2.555223
 0.560494	 0.462008	 0.172387	 -4.721797	 4.979488	 2.539098
 0.555773	 0.466987	 0.174926	 -4.774980	 4.935650	 2.522741
 0.550998	 0.471923	 0.177449	 -4.827681	 4.891368	 2.506154
 0.546170	 0.476814	 0.179955	 -4.879896	 4.846646	 2.489338
 0.541290	 0.481661	 0.182444	 -4.931620	 4.801491	 2.472295
 0.536358	 0.486462	 0.184917	 -4.982849	 4.755905	 2.455029
 0.531376	 0.491218	 0.187372	 -5.033578	 4.709895	 2.437539
 0.526342	 0.495928	 0.189809	 -5.083803	 4.663466	 2.419829
 0.521258	 0.500591	 0.192229	 -5.133519	 4.616622	 2.401900
 0.516125	 0.505208	 0.194631	 -5.182723	 4.569369	 2.383755
 0.510942	 0.509777	 0.197015	 -5.231410	 4.521712	 2.365395
 0.505710	 0.514299	 0.199380	 -5.279576	 4.473656	 2.346822
 0.500431	 0.518773	 0.201727	 -5.327217	 4.425206	 2.328040
 0.495104	 0.523198	 0.204055	 -5.374329	 4.376367	 2.309048
 0.489729	 0.527574	 0.206364	 -5.420908	 4.327145	 2.289851
 0.484308	 0.531902	 0.208654	 -5.466950	 4.277545	 2.270450
 0.478841	 0.536179	 0.210924	 -5.512452	 4.227572	 2.250846
 0.473329	 0.540407	 0.213175	 -5.557409	 4.177232	 2.231043
 0.467772	 0.544584	 0.215406	 -5.601818	 4.126529	 2.211043
 0.462170	 0.548710	 0.217617	 -5.645675	 4.075470	 2.190847
 0.456524	 0.552786	 0.219808	 -5.688977	 4.024060	 2.170457
 0.450835	 0.556810	 0.221979	 -5.731721	 3.972304	 2.149877
 0.445103	 0.560782	 0.224129	 -5.773902	 3.920207	 2.129108
 0.439330	 0.564702	 0.226258	 -5.815518	 3.867776	 2.108153
 0.433514	 0.568570	 0.228366	 -5.856565	 3.815015	 2.087014
 0.427657	 0.572385	 0.230453	 -5.897039	 3.761931	 2.065692
 0.421760	 0.576147	 0.232519	 -5.936939	 3.708528	 2.044191
 0.415823	 0.579856	 0.234563	 -5.976261	 3.654813	 2.022513
 0.409847	 0.583511	 0.236585	 -6.015001	 3.600790	 2.000660
 0.403832	 0.587111	 0.238586	 -6.053157	 3.546466	 1.978634
 0.397779	 0.590658	 0.240565	 -6.090726	 3.491847	 1.956438
 0.391688	 0.594150	 0.242521	 -6.127706	 3.436937	 1.934074
 0.385561	 0.597587	 0.244455	 -6.164092	 3.381742	 1.911545
 0.379397	 0.600968	 0.246367	 -6.199883	 3.326269	 1.888853
 0.373197	 0.604295	 0.248255	 -6.235076	 3.270523	 1.866000
 0.366962	 0.607565	 0.250121	 -6.269669	 3.214509	 1.842988
 0.360692	 0.610780	 0.251964	 -6.303658	 3.158234	 1.819821
 0.354388	 0.613938	 0.253784	 -6.337042	 3.101703	 1.796500
 0.348051	 0.617040	 0.255581	 -6.369819	 3.044922	 1.773028
 0.341681	 0.620084	 0.257354	 -6.401985	 2.987896	 1.749408
 0.335279	 0.623072	 0.259103	 -6.433539	 2.930632	 1.725642
 0.328846	 0.626003	 0.260829	 -6.464478	 2.873135	 1.701732
 0.322381	 0.628876	 0.262531	 -6.494801	 2.815411	 1.677681
 0.315887	 0.631692	 0.264208	 -6.524505	 2.757466	 1.653491
 0.309362	 0.634449	 0.265862	 -6.553589	 2.699306	 1.629165
 0.302808	 0.637148	 0.267491	 -6.582051	 2.640936	 1.604706
 0.296226	 0.639789	 0.269096	 -6.609888	 2.582363	 1.580115
 0.289617	 0.642372	 0.270676	 -6.637100	 2.523592	 1.555396
 0.282979	 0.644895	 0.272231	 -6.663683	 2.464629	 1.530551
 0.276316	 0.647360	 0.273762	 -6.689638	 2.405480	 1.505582
 0.269626	 0.649765	 0.275267	 -6.714962	 2.346150	 1.480492
 0.262911	 0.652111	 0.276748	 -6.739653	 2.286647	 1.455284
 0.256172	 0.654398	 0.278203	 -6.763711	 2.226974	 1.429960
 0.249408	 0.656625	 0.279633	 -6.787134	 2.167140	 1.404523
 0.242621	 0.658792	 0.281037	 -6.809921	 2.107148	 1.378974
 0.235811	 0.660899	 0.282416	 -6.832070	 2.047006	 1.353318
 0.228979	 0.662946	 0.283770	 -6.853581	 1.986719	 1.327556
 0.222125	 0.664933	 0.285097	 -6.874452	 1.926292	 1.301691
 0.215251	 0.666859	 0.286399	 -6.894682	 1.865733	 1.275725
 0.208356	 0.668725	 0.287675	 -6.914271	 1.805046	 1.249662
 0.201442	 0.670530	 0.288924	 -6.933217	 1.744237	 1.223503
 0.194508	 0.672274	 0.290148	 -6.951520	 1.683313	 1.197251
 0.187557	 0.673958	 0.291345	 -6.969179	 1.622279	 1.170910
 0.180588	 0.675580	 0.292516	 -6.986193	 1.561142	 1.144481
 0.173602	 0.677141	 0.293661	 -7.002562	 1.499906	 1.117966
 0.166599	 0.678641	 0.294779	 -7.018285	 1.438578	 1.091370
 0.159581	 0.680080	 0.295870	 -7.033361	 1.377164	 1.064694
 0.152547	 0.681457	 0.296935	 -7.047791	 1.315670	 1.037941
 0.145500	 0.682772	 0.297973	 -7.061573	 1.254101	 1.011113
 0.138438	 0.684027	 0.298984	 -7.074709	 1.192463	 0.984213
 0.131363	 0.685219	 0.299968	 -7.087196	 1.130762	 0.957244
 0.124276	 0.686350	 0.300925	 -7.099036	 1.069004	 0.930208
 0.117177	 0.687419	 0.301855	 -7.110227	 1.007194	 0.903108
 0.110067	 0.688426	 0.302758	 -7.120771	 0.945339	 0.875947
 0.102946	 0.689371	 0.303634	 -7.130667	 0.883444	 0.848726
 0.095815	 0.690255	 0.304483	 -7.139915	 0.821515	 0.821450
 0.088675	 0.691076	 0.305305	 -7.148515	 0.759558	 0.794119
 0.081527	 0.691836	 0.306099	 -7.156468	 0.697579	 0.766738
 0.074370	 0.692533	 0.306865	 -7.163774	 0.635582	 0.739308
 0.067207	 0.693169	 0.307605	 -7.170433	 0.573574	 0.711832
 0.060036	 0.693743	 0.308317	 -7.176446	 0.511561	 0.684313
 0.052860	 0.694254	 0.309001	 -7.181812	 0.449549	 0.656753
 0.045678	 0.694704	 0.309658	 -7.186533	 0.387542	 0.629154
 0.038491	 0.695091	 0.310287	 -7.190610	 0.325547	 0.601521
 0.031301	 0.695417	 0.310888	 -7.194042	 0.263569	 0.573854
 0.024107	 0.695680	 0.311462	 -7.196830	 0.201614	 0.546157
 0.016910	 0.695882	 0.312008	 -7.198976	 0.139687	 0.518432
 0.009711	 0.696022	 0.312527	 -7.200480	 0.077795	 0.490681
 0.002511	 0.696099	 0.313017	 -7.201343	 0.015942	 0.462908
 -0.004691	 0.696115	 0.313480	 -7.201566	 -0.045865	 0.435115
 -0.011892	 0.696070	 0.313915	 -7.201150	 -0.107622	 0.407304
 -0.019094	 0.695962	 0.314323	 -7.200096	 -0.169323	 0.379478
 -0.026294	 0.695793	 0.314702	 -7.198405	 -0.230962	 0.351640
 -0.033492	 0.695562	 0.315054	 -7.196078	 -0.292533	 0.323792
 -0.040688	 0.695269	 0.315378	 -7.193117	 -0.354032	 0.295936
 -0.047881	 0.694915	 0.315674	 -7.189522	 -0.415453	 0.268075
 -0.055071	 0.694500	 0.315942	 -7.185296	 -0.476791	 0.240212
 -0.062256	 0.694023	 0.316182	 -7.180439	 -0.538039	 0.212348
 -0.069436	 0.693485	 0.316394	 -7.174954	 -0.599193	 0.184488
 -0.076611	 0.692886	 0.316579	 -7.168840	 -0.660248	 0.156632
 -0.083780	 0.692225	 0.316735	 -7.162101	 -0.721198	 0.128784
 -0.090942	 0.691504	 0.316864	 -7.154738	 -0.782038	 0.100947
 -0.098097	 0.690722	 0.316965	 -7.146752	 -0.842762	 0.073121
 -0.105244	 0.689879	 0.317038	 -7.138145	 -0.903366	 0.045311
 -0.112382	 0.688976	 0.317083	 -7.128919	 -0.963843	 0.017518
 -0.119511	 0.688012	 0.317101	 -7.119075	 -1.024190	 -0.010255
 -0.126630	 0.686988	 0.317091	 -7.108616	 -1.084401	 -0.038006
 -0.133739	 0.685904	 0.317053	 -7.097544	 -1.144470	 -0.065732
 -0.140836	 0.684759	 0.316987	 -7.085860	 -1.204392	 -0.093430
 -0.147922	 0.683555	 0.316894	 -7.073567	 -1.264163	 -0.121100
 -0.154996	 0.682290	 0.316772	 -7.060666	 -1.323778	 -0.148737
 -0.162056	 0.680967	 0.316624	 -7.047160	 -1.383231	 -0.176339
 -0.169103	 0.679583	 0.316447	 -7.033051	 -1.442518	 -0.203905
 -0.176136	 0.678141	 0.316244	 -7.018342	 -1.501632	 -0.231432
 -0.183155	 0.676639	 0.316012	 -7.003033	 -1.560571	 -0.258917
 -0.190158	 0.675079	 0.315753	 -6.987129	 -1.619328	 -0.286359
 -0.197145	 0.673459	 0.315467	 -6.970630	 -1.677899	 -0.313754
 -0.204116	 0.671782	 0.315153	 -6.953540	 -1.736278	 -0.341101
 -0.211069	 0.670045	 0.314812	 -6.935862	 -1.794462	 -0.368396
 -0.218005	 0.668251	 0.314444	 -6.917597	 -1.852446	 -0.395639
 -0.224923	 0.666398	 0.314048	 -6.898748	 -1.910223	 -0.422826
 -0.231821	 0.664488	 0.313625	 -6.879317	 -1.967791	 -0.449956
 -0.238701	 0.662520	 0.313175	 -6.859309	 -2.025144	 -0.477025
 -0.245560	 0.660495	 0.312698	 -6.838724	 -2.082277	 -0.504032
 -0.252399	 0.658413	 0.312194	 -6.817566	 -2.139187	 -0.530975
 -0.259216	 0.656274	 0.311663	 -6.795838	 -2.195867	 -0.557851
 -0.266012	 0.654078	 0.311105	 -6.773542	 -2.252315	 -0.584658
 -0.272786	 0.651826	 0.310521	 -6.750682	 -2.308525	 -0.611393
 -0.279536	 0.649517	 0.309909	 -6.727259	 -2.364492	 -0.638055
 -0.286264	 0.647153	 0.309271	 -6.703279	 -2.420213	 -0.664642
 -0.292967	 0.644732	 0.308606	 -6.678742	 -2.475683	 -0.691151
 -0.299646	 0.642257	 0.307915	 -6.653652	 -2.530898	 -0.717580
 -0.306299	 0.639726	 0.307198	 -6.628013	 -2.585853	 -0.743926
 -0.312927	 0.637140	 0.306454	 -6.601827	 -2.640543	 -0.770189
 -0.319529	 0.634499	 0.305684	 -6.575098	 -2.694966	 -0.796365
 -0.326104	 0.631804	 0.304887	 -6.547829	 -2.749115	 -0.822453
 -0.332652	 0.629055	 0.304065	 -6.520022	 -2.802988	 -0.848450
 -0.339172	 0.626252	 0.303216	 -6.491682	 -2.856581	 -0.874355
 -0.345664	 0.623396	 0.302342	 -6.462812	 -2.909888	 -0.900165
 -0.352127	 0.620486	 0.301442	 -6.433414	 -2.962905	 -0.925878
 -0.358560	 0.617523	 0.300516	 -6.403493	 -3.015630	 -0.951493
 -0.364963	 0.614507	 0.299564	 -6.373051	 -3.068057	 -0.977006
 -0.371337	 0.611439	 0.298587	 -6.342093	 -3.120184	 -1.002417
 -0.377679	 0.608319	 0.297585	 -6.310621	 -3.172005	 -1.027723
 -0.383989	 0.605147	 0.296557	 -6.278639	 -3.223517	 -1.052923
 -0.390268	 0.601924	 0.295504	 -6.246152	 -3.274716	 -1.078013
 -0.396514	 0.598649	 0.294426	 -6.213161	 -3.325598	 -1.102993
 -0.402727	 0.595323	 0.293323	 -6.179672	 -3.376160	 -1.127860
 -0.408907	 0.591947	 0.292196	 -6.145687	 -3.426397	 -1.152613
 -0.415053	 0.588521	 0.291043	 -6.111210	 -3.476307	 -1.177249
 -0.421164	 0.585044	 0.289866	 -6.076245	 -3.525885	 -1.201767
 -0.427240	 0.581518	 0.288664	 -6.040796	 -3.575127	 -1.226165
 -0.433281	 0.577943	 0.287438	 -6.004867	 -3.624031	 -1.250440
 -0.439286	 0.574319	 0.286187	 -5.968461	 -3.672592	 -1.274592
 -0.445254	 0.570647	 0.284913	 -5.931582	 -3.720807	 -1.298618
 -0.451186	 0.566926	 0.283614	 -5.894234	 -3.768673	 -1.322516
 -0.457080	 0.563157	 0.282292	 -5.856421	 -3.816186	 -1.346286
 -0.462936	 0.559341	 0.280945	 -5.818147	 -3.863342	 -1.369923
 -0.468754	 0.555478	 0.279575	 -5.779416	 -3.910139	 -1.393429
 -0.474534	 0.551568	 0.278182	 -5.740232	 -3.956573	 -1.416799
 -0.480274	 0.547611	 0.276765	 -5.700598	 -4.002641	 -1.440033
 -0.485975	 0.543608	 0.275325	 -5.660519	 -4.048339	 -1.463129
 -0.491635	 0.539560	 0.273862	 -5.619999	 -4.093665	 -1.486086
 -0.497255	 0.535466	 0.272376	 -5.579042	 -4.138614	 -1.508900
 -0.502834	 0.531328	 0.270867	 -5.537652	 -4.183185	 -1.531572
 -0.508372	 0.527145	 0.269335	 -5.495833	 -4.227373	 -1.554099
 -0.513868	 0.522917	 0.267781	 -5.453590	 -4.271177	 -1.576480
 -0.519321	 0.518646	 0.266205	 -5.410926	 -4.314592	 -1.598712
 -0.524732	 0.514331	 0.264606	 -5.367845	 -4.357616	 -1.620795
 -0.530100	 0.509974	 0.262985	 -5.324353	 -4.400246	 -1.642727
 -0.535425	 0.505574	 0.261343	 -5.280453	 -4.442480	 -1.664506
 -0.540705	 0.501131	 0.259678	 -5.236149	 -4.484313	 -1.686131
 -0.545941	 0.496647	 0.257992	 -5.191446	 -4.525745	 -1.707600
 -0.551133	 0.492121	 0.256284	 -5.146348	 -4.566770	 -1.728912
 -0.556279	 0.487554	 0.254555	 -5.100860	 -4.607388	 -1.750064
 -0.561380	 0.482947	 0.252805	 -5.054985	 -4.647596	 -1.771057
 -0.566435	 0.478299	 0.251034	 -5.008728	 -4.687390	 -1.791888
 -0.571443	 0.473612	 0.249242	 -4.962094	 -4.726768	 -1.812555
 -0.576406	 0.468885	 0.247430	 -4.915087	 -4.765727	 -1.833058
 -0.581321	 0.464119	 0.245597	 -4.867711	 -4.804266	 -1.853395
 -0.586188	 0.459315	 0.243743	 -4.819970	 -4.842381	 -1.873564
 -0.591008	 0.454473	 0.241870	 -4.771870	 -4.880071	 -1.893565
 -0.595780	 0.449593	 0.239976	 -4.723415	 -4.917332	 -1.913395
 -0.600504	 0.444675	 0.238063	 -4.674608	 -4.954163	 -1.933054
 -0.605178	 0.439721	 0.236130	 -4.625456	 -4.990560	 -1.952540
 -0.609804	 0.434731	 0.234177	 -4.575961	 -5.026523	 -1.971852
 -0.614380	 0.429704	 0.232205	 -4.526129	 -5.062048	 -1.990988
 -0.618906	 0.424642	 0.230214	 -4.475965	 -5.097134	 -2.009948
 -0.623382	 0.419545	 0.228205	 -4.425472	 -5.131778	 -2.028730
 -0.627807	 0.414413	 0.226176	 -4.374656	 -5.165978	 -2.047332
 -0.632182	 0.409247	 0.224128	 -4.323521	 -5.199732	 -2.065755
 -0.636505	 0.404047	 0.222063	 -4.272071	 -5.233038	 -2.083995
 -0.640777	 0.398814	 0.219979	 -4.220312	 -5.265895	 -2.102053
 -0.644998	 0.393548	 0.217877	 -4.168247	 -5.298299	 -2.119927
 -0.649166	 0.388250	 0.215757	 -4.115882	 -5.330250	 -2.137615
 -0.653282	 0.382920	 0.213619	 -4.063221	 -5.361745	 -2.155118
 -0.657345	 0.377558	 0.211464	 -4.010269	 -5.392783	 -2.172433
 -0.661355	 0.372165	 0.209292	 -3.957030	 -5.423362	 -2.189559
 -0.665312	 0.366742	 0.207102	 -3.903509	 -5.453480	 -2.206496
 -0.669216	 0.361289	 0.204896	 -3.849711	 -5.483135	 -2.223243
 -0.673066	 0.355805	 0.202672	 -3.795641	 -5.512326	 -2.239798
 -0.676861	 0.350293	 0.200432	 -3.741303	 -5.541051	 -2.256160
 -0.680603	 0.344752	 0.198176	 -3.686702	 -5.569308	 -2.272328
 -0.684289	 0.339183	 0.195904	 -3.631842	 -5.597096	 -2.288302
 -0.687921	 0.333586	 0.193616	 -3.576729	 -5.624414	 -2.304080
 -0.691498	 0.327961	 0.191312	 -3.521368	 -5.651260	 -2.319662
 -0.695019	 0.322310	 0.188992	 -3.465762	 -5.677633	 -2.335046
 -0.698485	 0.316632	 0.186657	 -3.409916	 -5.703531	 -2.350232
 -0.701895	 0.310929	 0.184307	 -3.353836	 -5.728953	 -2.365218
 -0.705249	 0.305200	 0.181941	 -3.297527	 -5.753897	 -2.380004
 -0.708546	 0.299446	 0.179561	 -3.240992	 -5.778363	 -2.394589
 -0.711787	 0.293668	 0.177167	 -3.184237	 -5.802349	 -2.408972
 -0.714972	 0.287865	 0.174758	 -3.127266	 -5.825853	 -2.423152
 -0.718099	 0.282039	 0.172335	 -3.070084	 -5.848876	 -2.437129
 -0.721169	 0.276190	 0.169898	 -3.012697	 -5.871415	 -2.450901
 -0.724182	 0.270319	 0.167447	 -2.955109	 -5.893470	 -2.464468
 -0.727137	 0.264426	 0.164982	 -2.897324	 -5.915040	 -2.477830
 -0.730034	 0.258511	 0.162504	 -2.839347	 -5.936123	 -2.490984
 -0.732873	 0.252574	 0.160013	 -2.781184	 -5.956720	 -2.503931
 -0.735655	 0.246618	 0.157510	 -2.722839	 -5.976827	 -2.516670
 -0.738377	 0.240641	 0.154993	 -2.664316	 -5.996446	 -2.529200
 -0.741042	 0.234644	 0.152464	 -2.605621	 -6.015575	 -2.541521
 -0.743647	 0.228629	 0.149922	 -2.546759	 -6.034213	 -2.553631
 -0.746194	 0.222595	 0.147368	 -2.487734	 -6.052360	 -2.565531
 -0.748682	 0.216542	 0.144803	 -2.428551	 -6.070015	 -2.577219
 -0.751110	 0.210472	 0.142226	 -2.369214	 -6.087177	 -2.588695
 -0.753480	 0.204385	 0.139637	 -2.309730	 -6.103845	 -2.599959
 -0.755789	 0.198281	 0.137037	 -2.250102	 -6.120020	 -2.611010
 -0.758039	 0.192161	 0.134426	 -2.190335	 -6.135700	 -2.621846
 -0.760230	 0.186026	 0.131804	 -2.130434	 -6.150884	 -2.632469
 -0.762360	 0.179875	 0.129172	 -2.070404	 -6.165574	 -2.642877
 -0.764431	 0.173709	 0.126529	 -2.010249	 -6.179767	 -2.653069
 -0.766441	 0.167529	 0.123876	 -1.949975	 -6.193463	 -2.663045
 -0.768391	 0.161336	 0.121213	 -1.889586	 -6.206663	 -2.672806
 -0.770280	 0.155129	 0.118540	 -1.829087	 -6.219366	 -2.682349
 -0.772109	 0.148910	 0.115858	 -1.768483	 -6.231571	 -2.691676
 -0.773878	 0.142678	 0.113166	 -1.707779	 -6.243279	 -2.700785
 -0.775586	 0.136435	 0.110465	 -1.646979	 -6.254488	 -2.709676
 -0.777233	 0.130180	 0.107755	 -1.586088	 -6.265200	 -2.718348
 -0.778819	 0.123915	 0.105037	 -1.525111	 -6.275413	 -2.726802
 -0.780344	 0.117640	 0.102310	 -1.464052	 -6.285128	 -2.735037
 -0.781808	 0.111355	 0.099575	 -1.402917	 -6.294344	 -2.743052
 -0.783211	 0.105060	 0.096832	 -1.341710	 -6.303062	 -2.750848
 -0.784553	 0.098757	 0.094081	 -1.280437	 -6.311281	 -2.758424
 -0.785833	 0.092446	 0.091323	 -1.219100	 -6.319002	 -2.765779
 -0.787052	 0.086127	 0.088557	 -1.157706	 -6.326224	 -2.772913
 -0.788210	 0.079801	 0.085784	 -1.096260	 -6.332949	 -2.779827
 -0.789306	 0.073468	 0.083004	 -1.034765	 -6.339174	 -2.786520
 -0.790341	 0.067129	 0.080218	 -0.973226	 -6.344902	 -2.792992
 -0.791314	 0.060784	 0.077425	 -0.911649	 -6.350133	 -2.799241
 -0.792226	 0.054434	 0.074626	 -0.850038	 -6.354865	 -2.805270
 -0.793076	 0.048079	 0.071820	 -0.788398	 -6.359100	 -2.811076
 -0.793864	 0.041720	 0.069009	 -0.726733	 -6.362839	 -2.816660
 -0.794591	 0.035357	 0.066193	 -0.665048	 -6.366080	 -2.822023
 -0.795256	 0.028991	 0.063371	 -0.603347	 -6.368826	 -2.827163
 -0.795859	 0.022622	 0.060543	 -0.541636	 -6.371076	 -2.832080
 -0.796401	 0.016251	 0.057711	 -0.479919	 -6.372830	 -2.836775
 -0.796881	 0.009878	 0.054875	 -0.418201	 -6.374089	 -2.841247
 -0.797299	 0.003504	 0.052033	 -0.356486	 -6.374854	 -2.845497
 -0.797656	 -0.002871	 0.049188	 -0.294779	 -6.375125	 -2.849524
 -0.797950	 -0.009246	 0.046338	 -0.233084	 -6.374903	 -2.853329
 -0.798183	 -0.015621	 0.043485	 -0.171406	 -6.374189	 -2.856911
 -0.798355	 -0.021995	 0.040628	 -0.109750	 -6.372982	 -2.860270
 -0.798465	 -0.028368	 0.037768	 -0.048121	 -6.371284	 -2.863406
 -0.798513	 -0.034739	 0.034904	 0.013478	 -6.369096	 -2.866320
 -0.798499	 -0.041109	 0.032038	 0.075042	 -6.366417	 -2.869011
 -0.798424	 -0.047475	 0.029169	 0.136565	 -6.363250	 -2.871479
 -0.798288	 -0.053838	 0.026298	 0.198044	 -6.359594	 -2.873725
 -0.798090	 -0.060198	 0.023424	 0.259474	 -6.355451	 -2.875749
 -0.797830	 -0.066553	 0.020548	 0.320851	 -6.350822	 -2.877550
 -0.797509	 -0.072904	 0.017671	 0.382170	 -6.345707	 -2.879129
 -0.797127	 -0.079250	 0.014791	 0.443426	 -6.340107	 -2.880487
 -0.796684	 -0.085590	 0.011911	 0.504615	 -6.334024	 -2.881622
 -0.796179	 -0.091924	 0.009029	 0.565733	 -6.327458	 -2.882536
 -0.795613	 -0.098251	 0.006147	 0.626775	 -6.320410	 -2.883228
 -0.794986	 -0.104572	 0.003264	 0.687737	 -6.312882	 -2.883699
 -0.794299	 -0.110885	 0.000380	 0.748614	 -6.304874	 -2.883949
 -0.793550	 -0.117190	 -0.002504	 0.809402	 -6.296388	 -2.883978
 -0.792741	 -0.123486	 -0.005388	 0.870096	 -6.287425	 -2.883787
 -0.791871	 -0.129773	 -0.008272	 0.930693	 -6.277986	 -2.883375
 -0.790940	 -0.136051	 -0.011155	 0.991188	 -6.268072	 -2.882743
 -0.789949	 -0.142319	 -0.014038	 1.051576	 -6.257684	 -2.881891
 -0.788897	 -0.148577	 -0.016920	 1.111853	 -6.246824	 -2.880820
 -0.787785	 -0.154824	 -0.019801	 1.172015	 -6.235494	 -2.879530
 -0.786613	 -0.161059	 -0.022680	 1.232058	 -6.223693	 -2.878021
 -0.785381	 -0.167283	 -0.025558	 1.291977	 -6.211425	 -2.876293
 -0.784089	 -0.173494	 -0.028434	 1.351768	 -6.198690	 -2.874347
 -0.782738	 -0.179693	 -0.031309	 1.411427	 -6.185489	 -2.872184
 -0.781326	 -0.185879	 -0.034181	 1.470949	 -6.171825	 -2.869803
 -0.779855	 -0.192051	 -0.037051	 1.530331	 -6.157698	 -2.867205
 -0.778325	 -0.198208	 -0.039918	 1.589567	 -6.143110	 -2.864391
 -0.776735	 -0.204351	 -0.042782	 1.648655	 -6.128062	 -2.861360
 -0.775087	 -0.210479	 -0.045644	 1.707590	 -6.112557	 -2.858114
 -0.773379	 -0.216592	 -0.048502	 1.766367	 -6.096596	 -2.854653
 -0.771613	 -0.222689	 -0.051357	 1.824982	 -6.080180	 -2.850977
 -0.769788	 -0.228769	 -0.054208	 1.883432	 -6.063312	 -2.847087
 -0.767904	 -0.234832	 -0.057055	 1.941713	 -6.045992	 -2.842983
 -0.765963	 -0.240878	 -0.059898	 1.999819	 -6.028222	 -2.838665
 -0.763963	 -0.246906	 -0.062736	 2.057748	 -6.010005	 -2.834135
 -0.761905	 -0.252916	 -0.065570	 2.115495	 -5.991341	 -2.829393
 -0.759789	 -0.258908	 -0.068400	 2.173056	 -5.972234	 -2.824439
 -0.757616	 -0.264880	 -0.071224	 2.230428	 -5.952684	 -2.819275
 -0.755386	 -0.270832	 -0.074043	 2.287605	 -5.932693	 -2.813899
 -0.753098	 -0.276765	 -0.076857	 2.344585	 -5.912264	 -2.808314
 -0.750754	 -0.282677	 -0.079666	 2.401362	 -5.891398	 -2.802520
 -0.748352	 -0.288569	 -0.082468	 2.457935	 -5.870097	 -2.796516
 -0.745894	 -0.294439	 -0.085265	 2.514297	 -5.848364	 -2.790305
 -0.743380	 -0.300287	 -0.088055	 2.570446	 -5.826199	 -2.783887
 -0.740810	 -0.306114	 -0.090839	 2.626378	 -5.803605	 -2.777262
 -0.738183	 -0.311917	 -0.093616	 2.682089	 -5.780585	 -2.770430
 -0.735501	 -0.317698	 -0.096387	 2.737575	 -5.757139	 -2.763394
 -0.732764	 -0.323455	 -0.099150	 2.792832	 -5.733271	 -2.756152
 -0.729971	 -0.329188	 -0.101906	 2.847856	 -5.708983	 -2.748707
 -0.727123	 -0.334897	 -0.104655	 2.902644	 -5.684275	 -2.741058
 -0.724220	 -0.340581	 -0.107396	 2.957192	 -5.659152	 -2.733207
 -0.721263	 -0.346241	 -0.110129	 3.011497	 -5.633614	 -2.725154
 -0.718252	 -0.351874	 -0.112854	 3.065554	 -5.607664	 -2.716900
 -0.715186	 -0.357482	 -0.115571	 3.119359	 -5.581304	 -2.708446
 -0.712067	 -0.363063	 -0.118280	 3.172910	 -5.554537	 -2.699793
 -0.708894	 -0.368618	 -0.120979	 3.226203	 -5.527365	 -2.690940
 -0.705668	 -0.374145	 -0.123670	 3.279233	 -5.499789	 -2.681890
 -0.702388	 -0.379645	 -0.126352	 3.331998	 -5.471814	 -2.672643
 -0.699056	 -0.385117	 -0.129025	 3.384494	 -5.443439	 -2.663200
 -0.695672	 -0.390560	 -0.131688	 3.436717	 -5.414669	 -2.653561
 -0.692235	 -0.395975	 -0.134342	 3.488664	 -5.385506	 -2.643727
 -0.688747	 -0.401360	 -0.136985	 3.540331	 -5.355951	 -2.633700
 -0.685206	 -0.406716	 -0.139619	 3.591714	 -5.326007	 -2.623481
 -0.681614	 -0.412042	 -0.142243	 3.642812	 -5.295678	 -2.613069
 -0.677972	 -0.417338	 -0.144856	 3.693619	 -5.264964	 -2.602466
 -0.674278	 -0.422603	 -0.147458	 3.744132	 -5.233870	 -2.591674
 -0.670534	 -0.427837	 -0.150050	 3.794349	 -5.202396	 -2.580692
 -0.666740	 -0.433039	 -0.152630	 3.844266	 -5.170547	 -2.569521
 -0.662895	 -0.438210	 -0.155200	 3.893879	 -5.138324	 -2.558164
 -0.659001	 -0.443348	 -0.157758	 3.943185	 -5.105730	 -2.546620
 -0.655058	 -0.448454	 -0.160305	 3.992181	 -5.072768	 -2.534891
 -0.651066	 -0.453526	 -0.162840	 4.040863	 -5.039439	 -2.522978
 -0.647025	 -0.458566	 -0.165363	 4.089229	 -5.005748	 -2.510881
 -0.642936	 -0.463572	 -0.167874	 4.137275	 -4.971696	 -2.498601
 -0.638799	 -0.468543	 -0.170372	 4.184998	 -4.937287	 -2.486141
 -0.634614	 -0.473481	 -0.172858	 4.232395	 -4.902523	 -2.473500
 -0.630381	 -0.478383	 -0.175332	 4.279463	 -4.867406	 -2.460679
 -0.626102	 -0.483251	 -0.177792	 4.326198	 -4.831940	 -2.447680
 -0.621776	 -0.488083	 -0.180240	 4.372597	 -4.796127	 -2.434505
 -0.617403	 -0.492879	 -0.182675	 4.418658	 -4.759970	 -2.421152
 -0.612984	 -0.497639	 -0.185096	 4.464377	 -4.723472	 -2.407625
 -0.608520	 -0.502362	 -0.187503	 4.509752	 -4.686635	 -2.393924
 -0.604010	 -0.507049	 -0.189897	 4.554779	 -4.649463	 -2.380050
 -0.599455	 -0.511698	 -0.192277	 4.599455	 -4.611959	 -2.366004
 -0.594856	 -0.516310	 -0.194643	 4.643778	 -4.574125	 -2.351787
 -0.590212	 -0.520884	 -0.196995	 4.687744	 -4.535964	 -2.337401
 -0.585524	 -0.525420	 -0.199333	 4.731351	 -4.497479	 -2.322846
 -0.580793	 -0.529918	 -0.201655	 4.774596	 -4.458674	 -2.308124
 -0.576019	 -0.534376	 -0.203964	 4.817476	 -4.419550	 -2.293236
 -0.571201	 -0.538796	 -0.206257	 4.859988	 -4.380111	 -2.278183
 -0.566341	 -0.543176	 -0.208535	 4.902129	 -4.340361	 -2.262966
 -0.561439	 -0.547516	 -0.210798	 4.943897	 -4.300301	 -2.247586
 -0.556495	 -0.551817	 -0.213046	 4.985289	 -4.259936	 -2.232045
 -0.551510	 -0.556077	 -0.215278	 5.026302	 -4.219267	 -2.216344
 -0.546483	 -0.560296	 -0.217494	 5.066934	 -4.178299	 -2.200484
 -0.541417	 -0.564474	 -0.219694	 5.107181	 -4.137034	 -2.184466
 -0.536309	 -0.568611	 -0.221879	 5.147042	 -4.095476	 -2.168291
 -0.531162	 -0.572707	 -0.224047	 5.186514	 -4.053627	 -2.151961
 -0.525976	 -0.576760	 -0.226199	 5.225593	 -4.011491	 -2.135477
 -0.520750	 -0.580772	 -0.228335	 5.264279	 -3.969070	 -2.118840
 -0.515486	 -0.584741	 -0.230453	 5.302567	 -3.926368	 -2.102052
 -0.510183	 -0.588667	 -0.232555	 5.340456	 -3.883389	 -2.085113
 -0.504843	 -0.592551	 -0.234641	 5.377944	 -3.840135	 -2.068025
 -0.499465	 -0.596391	 -0.236709	 5.415027	 -3.796609	 -2.050790
 -0.494050	 -0.600187	 -0.238759	 5.451703	 -3.752815	 -2.033408
 -0.488598	 -0.603940	 -0.240793	 5.487971	 -3.708757	 -2.015881
 -0.483110	 -0.607649	 -0.242809	 5.523827	 -3.664436	 -1.998210
 -0.477586	 -0.611313	 -0.244807	 5.559269	 -3.619857	 -1.980397
 -0.472027	 -0.614933	 -0.246787	 5.594296	 -3.575023	 -1.962443
 -0.466433	 -0.618508	 -0.248750	 5.628904	 -3.529937	 -1.944349
 -0.460804	 -0.622038	 -0.250694	 5.663092	 -3.484602	 -1.926116
 -0.455141	 -0.625523	 -0.252620	 5.696857	 -3.439023	 -1.907747
 -0.449444	 -0.628962	 -0.254528	 5.730198	 -3.393201	 -1.889241
 -0.443714	 -0.632355	 -0.256417	 5.763112	 -3.347141	 -1.870602
 -0.437951	 -0.635702	 -0.258288	 5.795596	 -3.300845	 -1.851829
 -0.432155	 -0.639003	 -0.260140	 5.827650	 -3.254318	 -1.832925
 -0.426327	 -0.642257	 -0.261973	 5.859271	 -3.207563	 -1.813891
 -0.420468	 -0.645465	 -0.263786	 5.890456	 -3.160582	 -1.794728
 -0.414578	 -0.648626	 -0.265581	 5.921204	 -3.113380	 -1.775438
 -0.408657	 -0.651739	 -0.267357	 5.951513	 -3.065960	 -1.756021
 -0.402705	 -0.654805	 -0.269113	 5.981382	 -3.018325	 -1.736481
 -0.396724	 -0.657823	 -0.270849	 6.010807	 -2.970480	 -1.716817
 -0.390713	 -0.660794	 -0.272566	 6.039787	 -2.922426	 -1.697031
 -0.384673	 -0.663716	 -0.274263	 6.068321	 -2.874168	 -1.677126
 -0.378605	 -0.666590	 -0.275940	 6.096407	 -2.825709	 -1.657101
 -0.372508	 -0.669416	 -0.277597	 6.124042	 -2.777053	 -1.636960
 -0.366384	 -0.672193	 -0.279234	 6.151225	 -2.728203	 -1.616703
 -0.360233	 -0.674921	 -0.280851	 6.177955	 -2.679163	 -1.596331
 -0.354055	 -0.677600	 -0.282447	 6.204229	 -2.629937	 -1.575847
 -0.347851	 -0.680230	 -0.284023	 6.230046	 -2.580527	 -1.555251
 -0.341621	 -0.682811	 -0.285578	 6.255405	 -2.530938	 -1.534546
 -0.335365	 -0.685342	 -0.287113	 6.280303	 -2.481172	 -1.513732
 -0.329085	 -0.687823	 -0.288627	 6.304740	 -2.431235	 -1.492811
 -0.322780	 -0.690254	 -0.290119	 6.328713	 -2.381128	 -1.471785
 -0.316452	 -0.692635	 -0.291591	 6.352222	 -2.330856	 -1.450655
 -0.310099	 -0.694966	 -0.293042	 6.375264	 -2.280423	 -1.429424
 -0.303724	 -0.697247	 -0.294471	 6.397838	 -2.229831	 -1.408091
 -0.297326	 -0.699476	 -0.295879	 6.419943	 -2.179085	 -1.386659
 -0.290906	 -0.701656	 -0.297266	 6.441578	 -2.128188	 -1.365130
 -0.284465	 -0.703784	 -0.298631	 6.462741	 -2.077145	 -1.343504
 -0.278002	 -0.705861	 -0.299975	 6.483430	 -2.025957	 -1.321784
 -0.271519	 -0.707887	 -0.301296	 6.503645	 -1.974630	 -1.299972
 -0.265015	 -0.709861	 -0.302596	 6.523385	 -1.923167	 -1.278067
 -0.258492	 -0.711785	 -0.303874	 6.542647	 -1.871571	 -1.256073
 -0.251949	 -0.713656	 -0.305131	 6.561431	 -1.819846	 -1.233991
 -0.245388	 -0.715476	 -0.306365	 6.579737	 -1.767996	 -1.211822
 -0.238808	 -0.717244	 -0.307576	 6.597561	 -1.716025	 -1.189568
 -0.232210	 -0.718960	 -0.308766	 6.614904	 -1.663936	 -1.167231
 -0.225595	 -0.720624	 -0.309933	 6.631765	 -1.611733	 -1.144812
 -0.218964	 -0.722236	 -0.311078	 6.648142	 -1.559420	 -1.122312
 -0.212315	 -0.723795	 -0.312200	 6.664034	 -1.507000	 -1.099734
 -0.205651	 -0.725302	 -0.313300	 6.679441	 -1.454477	 -1.077079
 -0.198972	 -0.726757	 -0.314377	 6.694361	 -1.401856	 -1.054349
 -0.192278	 -0.728158	 -0.315431	 6.708794	 -1.349138	 -1.031545
 -0.185569	 -0.729508	 -0.316463	 6.722739	 -1.296329	 -1.008668
 -0.178846	 -0.730804	 -0.317472	 6.736195	 -1.243433	 -0.985722
 -0.172110	 -0.732047	 -0.318457	 6.749160	 -1.190452	 -0.962706
 -0.165361	 -0.733238	 -0.319420	 6.761635	 -1.137390	 -0.939623
 -0.158599	 -0.734375	 -0.320360	 6.773619	 -1.084252	 -0.916474
 -0.151825	 -0.735459	 -0.321276	 6.785111	 -1.031042	 -0.893262
 -0.145040	 -0.736490	 -0.322169	 6.796110	 -0.977762	 -0.869987
 -0.138244	 -0.737468	 -0.323039	 6.806615	 -0.924416	 -0.846652
 -0.131438	 -0.738393	 -0.323886	 6.816627	 -0.871010	 -0.823258
 -0.124621	 -0.739264	 -0.324709	 6.826144	 -0.817545	 -0.799806
 -0.117795	 -0.740081	 -0.325509	 6.835166	 -0.764026	 -0.776299
 -0.110960	 -0.740845	 -0.326285	 6.843692	 -0.710458	 -0.752738
 -0.104116	 -0.741556	 -0.327038	 6.851722	 -0.656843	 -0.729125
 -0.097264	 -0.742213	 -0.327767	 6.859256	 -0.603185	 -0.705461
 -0.090405	 -0.742816	 -0.328473	 6.866292	 -0.549488	 -0.681748
 -0.083539	 -0.743365	 -0.329155	 6.872832	 -0.495757	 -0.657988
 -0.076666	 -0.743861	 -0.329812	 6.878874	 -0.441994	 -0.634182
 -0.069787	 -0.744303	 -0.330447	 6.884418	 -0.388204	 -0.610333
 -0.062903	 -0.744691	 -0.331057	 6.889463	 -0.334390	 -0.586441
 -0.056013	 -0.745026	 -0.331643	 6.894010	 -0.280556	 -0.562509
 -0.049119	 -0.745306	 -0.332206	 6.898059	 -0.226707	 -0.538538
 -0.042221	 -0.745533	 -0.332745	 6.901609	 -0.172845	 -0.514531
 -0.035319	 -0.745706	 -0.333259	 6.904660	 -0.118975	 -0.490487
 -0.028415	 -0.745825	 -0.333750	 6.907211	 -0.065100	 -0.466410
 -0.021508	 -0.745890	 -0.334216	 6.909264	 -0.011224	 -0.442302
 -0.014598	 -0.745901	 -0.334658	 6.910817	 0.042649	 -0.418162
 -0.007687	 -0.745858	 -0.335076	 6.911871	 0.096514	 -0.393995
 -0.000776	 -0.745762	 -0.335470	 6.912427	 0.150370	 -0.369800
 0.006137	 -0.745611	 -0.335840	 6.912483	 0.204210	 -0.345581
 0.013049	 -0.745407	 -0.336186	 6.912040	 0.258033	 -0.321338
 0.019961	 -0.745149	 -0.336507	 6.911098	 0.311833	 -0.297074
 0.026872	 -0.744837	 -0.336804	 6.909657	 0.365608	 -0.272789
 0.033782	 -0.744472	 -0.337077	 6.907718	 0.419353	 -0.248486
 0.040690	 -0.744052	 -0.337325	 6.905281	 0.473065	 -0.224167
 0.047595	 -0.743579	 -0.337550	 6.902346	 0.526739	 -0.199833
 0.054497	 -0.743053	 -0.337749	 6.898913	 0.580373	 -0.175486
 0.061396	 -0.742472	 -0.337925	 6.894982	 0.633961	 -0.151128
 0.068291	 -0.741838	 -0.338076	 6.890555	 0.687501	 -0.126760
 0.075182	 -0.741151	 -0.338203	 6.885631	 0.740989	 -0.102384
 0.082068	 -0.740410	 -0.338305	 6.880211	 0.794421	 -0.078002
 0.088948	 -0.739615	 -0.338383	 6.874295	 0.847792	 -0.053616
 0.095822	 -0.738768	 -0.338437	 6.867884	 0.901100	 -0.029227
 0.102690	 -0.737866	 -0.338466	 6.860979	 0.954341	 -0.004837
 0.109551	 -0.736912	 -0.338471	 6.853579	 1.007510	 0.019553
 0.116404	 -0.735905	 -0.338451	 6.845686	 1.060605	 0.043940
 0.123250	 -0.734844	 -0.338407	 6.837300	 1.113620	 0.068322
 0.130087	 -0.733730	 -0.338339	 6.828422	 1.166554	 0.092699
 0.136916	 -0.732564	 -0.338246	 6.819052	 1.219401	 0.117068
 0.143735	 -0.731344	 -0.338129	 6.809192	 1.272158	 0.141427
 0.150544	 -0.730072	 -0.337988	 6.798842	 1.324821	 0.165776
 0.157343	 -0.728747	 -0.337822	 6.788002	 1.377387	 0.190111
 0.164131	 -0.727370	 -0.337632	 6.776675	 1.429852	 0.214432
 0.170908	 -0.725940	 -0.337418	 6.764860	 1.482213	 0.238737
 0.177673	 -0.724458	 -0.337179	 6.752558	 1.534464	 0.263023
 0.184425	 -0.722924	 -0.336916	 6.739771	 1.586604	 0.287290
 0.191165	 -0.721337	 -0.336629	 6.726499	 1.638627	 0.311536
 0.197891	 -0.719698	 -0.336317	 6.712744	 1.690532	 0.335758
 0.204604	 -0.718008	 -0.335981	 6.698506	 1.742312	 0.359955
 0.211303	 -0.716265	 -0.335621	 6.683787	 1.793966	 0.384126
 0.217986	 -0.714472	 -0.335237	 6.668587	 1.845490	 0.408268
 0.224655	 -0.712626	 -0.334829	 6.652908	 1.896879	 0.432380
 0.231308	 -0.710729	 -0.334396	 6.636751	 1.948130	 0.456461
 0.237945	 -0.708781	 -0.333940	 6.620117	 1.999240	 0.480508
 0.244565	 -0.706782	 -0.333460	 6.603008	 2.050204	 0.504520
 0.251168	 -0.704732	 -0.332955	 6.585424	 2.101020	 0.528495
 0.257753	 -0.702631	 -0.332427	 6.567368	 2.151684	 0.552431
 0.264321	 -0.700479	 -0.331874	 6.548839	 2.202192	 0.576327
 0.270869	 -0.698277	 -0.331298	 6.529841	 2.252540	 0.600182
 0.277399	 -0.696024	 -0.330698	 6.510373	 2.302726	 0.623992
 0.283910	 -0.693721	 -0.330074	 6.490438	 2.352744	 0.647757
 0.290400	 -0.691369	 -0.329426	 6.470038	 2.402593	 0.671475
 0.296870	 -0.688966	 -0.328754	 6.449172	 2.452268	 0.695144
 0.303319	 -0.686514	 -0.328059	 6.427844	 2.501765	 0.718763
 0.309747	 -0.684012	 -0.327340	 6.406055	 2.551082	 0.742330
 0.316153	 -0.681461	 -0.326598	 6.383805	 2.600215	 0.765843
 0.322537	 -0.678861	 -0.325832	 6.361098	 2.649160	 0.789300
 0.328898	 -0.676212	 -0.325043	 6.337934	 2.697914	 0.812701
 0.335236	 -0.673514	 -0.324230	 6.314316	 2.746473	 0.836042
 0.341550	 -0.670767	 -0.323394	 6.290245	 2.794835	 0.859323
 0.347841	 -0.667972	 -0.322535	 6.265722	 2.842994	 0.882542
 0.354106	 -0.665129	 -0.321652	 6.240750	 2.890949	 0.905698
 0.360347	 -0.662238	 -0.320747	 6.215330	 2.938695	 0.928788
 0.366562	 -0.659300	 -0.319818	 6.189465	 2.986230	 0.951810
 0.372752	 -0.656313	 -0.318866	 6.163156	 3.033550	 0.974765
 0.378915	 -0.653280	 -0.317891	 6.136405	 3.080651	 0.997648
 0.385051	 -0.650199	 -0.316894	 6.109214	 3.127530	 1.020460
 0.391161	 -0.647072	 -0.315873	 6.081585	 3.174184	 1.043198
 0.397242	 -0.643898	 -0.314830	 6.053521	 3.220610	 1.065861
 0.403296	 -0.640677	 -0.313764	 6.025022	 3.266804	 1.088448
 0.409321	 -0.637410	 -0.312676	 5.996092	 3.312763	 1.110956
 0.415317	 -0.634097	 -0.311565	 5.966732	 3.358483	 1.133383
 0.421284	 -0.630739	 -0.310431	 5.936944	 3.403962	 1.155730
 0.427221	 -0.627335	 -0.309276	 5.906731	 3.449196	 1.177992
 0.433127	 -0.623886	 -0.308098	 5.876095	 3.494183	 1.200171
 0.439003	 -0.620392	 -0.306897	 5.845039	 3.538917	 1.222262
 0.444848	 -0.616853	 -0.305675	 5.813563	 3.583398	 1.244266
 0.450662	 -0.613269	 -0.304431	 5.781671	 3.627621	 1.266180
 0.456444	 -0.609642	 -0.303165	 5.749366	 3.671583	 1.288003
 0.462193	 -0.605970	 -0.301877	 5.716648	 3.715281	 1.309734
 0.467910	 -0.602255	 -0.300567	 5.683522	 3.758713	 1.331370
 0.473593	 -0.598496	 -0.299236	 5.649989	 3.801874	 1.352911
 0.479243	 -0.594694	 -0.297883	 5.616051	 3.844762	 1.374354
 0.484859	 -0.590849	 -0.296508	 5.581711	 3.887374	 1.395698
 0.490441	 -0.586962	 -0.295113	 5.546972	 3.929707	 1.416942
 0.495988	 -0.583032	 -0.293696	 5.511837	 3.971758	 1.438085
 0.501500	 -0.579061	 -0.292258	 5.476307	 4.013523	 1.459123
 0.506976	 -0.575047	 -0.290799	 5.440385	 4.055000	 1.480057
 0.512416	 -0.570992	 -0.289318	 5.404074	 4.096186	 1.500885
 0.517820	 -0.566896	 -0.287818	 5.367377	 4.137078	 1.521605
 0.523188	 -0.562759	 -0.286296	 5.330297	 4.177673	 1.542215
 0.528518	 -0.558581	 -0.284754	 5.292835	 4.217968	 1.562715
 0.533811	 -0.554363	 -0.283191	 5.254995	 4.257961	 1.583102
 0.539066	 -0.550105	 -0.281608	 5.216780	 4.297647	 1.603375
 0.544283	 -0.545808	 -0.280005	 5.178192	 4.337026	 1.623534
 0.549461	 -0.541470	 -0.278381	 5.139234	 4.376093	 1.643576
 0.554600	 -0.537094	 -0.276737	 5.099909	 4.414846	 1.663499
 0.559700	 -0.532680	 -0.275074	 5.060220	 4.453282	 1.683304
 0.564760	 -0.528226	 -0.273391	 5.020170	 4.491399	 1.702987
 0.569780	 -0.523735	 -0.271688	 4.979761	 4.529193	 1.722548
 0.574760	 -0.519206	 -0.269965	 4.938998	 4.566663	 1.741985
 0.579699	 -0.514639	 -0.268223	 4.897881	 4.603805	 1.761298
 0.584597	 -0.510035	 -0.266462	 4.856416	 4.640616	 1.780483
 0.589454	 -0.505395	 -0.264681	 4.814604	 4.677095	 1.799541
 0.594268	 -0.500718	 -0.262882	 4.772449	 4.713239	 1.818470
 0.599041	 -0.496004	 -0.261063	 4.729954	 4.749044	 1.837268
 0.603771	 -0.491255	 -0.259226	 4.687122	 4.784509	 1.855935
 0.608458	 -0.486471	 -0.257370	 4.643956	 4.819631	 1.874468
 0.613102	 -0.481651	 -0.255496	 4.600459	 4.854407	 1.892867
 0.617702	 -0.476797	 -0.253603	 4.556635	 4.888836	 1.911129
 0.622259	 -0.471908	 -0.251692	 4.512486	 4.922914	 1.929255
 0.626771	 -0.466985	 -0.249762	 4.468016	 4.956638	 1.947242
 0.631239	 -0.462028	 -0.247815	 4.423229	 4.990008	 1.965089
 0.635662	 -0.457038	 -0.245850	 4.378127	 5.023020	 1.982796
 0.640041	 -0.452015	 -0.243867	 4.332713	 5.055672	 2.000360
 0.644373	 -0.446960	 -0.241867	 4.286992	 5.087962	 2.017781
 0.648660	 -0.441872	 -0.239849	 4.240966	 5.119887	 2.035056
 0.652901	 -0.436752	 -0.237814	 4.194639	 5.151445	 2.052186
 0.657096	 -0.431600	 -0.235762	 4.148015	 5.182634	 2.069169
 0.661244	 -0.426418	 -0.233693	 4.101096	 5.213452	 2.086003
 0.665345	 -0.421204	 -0.231607	 4.053886	 5.243896	 2.102688
 0.669399	 -0.415960	 -0.229504	 4.006388	 5.273965	 2.119222
 0.673405	 -0.410686	 -0.227385	 3.958607	 5.303656	 2.135604
 0.677364	 -0.405383	 -0.225249	 3.910545	 5.332967	 2.151832
 0.681274	 -0.400050	 -0.223097	 3.862207	 5.361896	 2.167907
 0.685137	 -0.394688	 -0.220929	 3.813595	 5.390442	 2.183826
 0.688950	 -0.389297	 -0.218746	 3.764713	 5.418601	 2.199588
 0.692715	 -0.383879	 -0.216546	 3.715565	 5.446373	 2.215193
 0.696431	 -0.378432	 -0.214331	 3.666155	 5.473754	 2.230639
 0.700097	 -0.372959	 -0.212100	 3.616485	 5.500744	 2.245925
 0.703713	 -0.367458	 -0.209854	 3.566561	 5.527340	 2.261050
 0.707280	 -0.361931	 -0.207593	 3.516384	 5.553541	 2.276013
 0.710796	 -0.356377	 -0.205317	 3.465960	 5.579344	 2.290813
 0.714262	 -0.350798	 -0.203026	 3.415292	 5.604748	 2.305449
 0.717677	 -0.345193	 -0.200721	 3.364383	 5.629751	 2.319920
 0.721042	 -0.339563	 -0.198401	 3.313237	 5.654351	 2.334224
 0.724355	 -0.333909	 -0.196067	 3.261859	 5.678547	 2.348361
 0.727617	 -0.328230	 -0.193718	 3.210251	 5.702337	 2.362330
 0.730827	 -0.322528	 -0.191356	 3.158418	 5.725719	 2.376130
 0.733985	 -0.316802	 -0.188980	 3.106363	 5.748692	 2.389760
 0.737092	 -0.311054	 -0.186590	 3.054091	 5.771253	 2.403219
 0.740146	 -0.305282	 -0.184187	 3.001604	 5.793403	 2.416505
 0.743148	 -0.299489	 -0.181771	 2.948908	 5.815138	 2.429619
 0.746096	 -0.293674	 -0.179341	 2.896005	 5.836458	 2.442559
 0.748992	 -0.287837	 -0.176898	 2.842900	 5.857361	 2.455324
 0.751835	 -0.281980	 -0.174443	 2.789597	 5.877845	 2.467913
 0.754625	 -0.276102	 -0.171975	 2.736100	 5.897910	 2.480326
 0.757361	 -0.270204	 -0.169495	 2.682411	 5.917553	 2.492561
 0.760043	 -0.264287	 -0.167002	 2.628537	 5.936774	 2.504618
 0.762672	 -0.258350	 -0.164498	 2.574480	 5.955571	 2.516496
 0.765246	 -0.252394	 -0.161981	 2.520244	 5.973943	 2.528193
 0.767767	 -0.246420	 -0.159453	 2.465834	 5.991889	 2.539711
 0.770233	 -0.240428	 -0.156913	 2.411253	 6.009407	 2.551046
 0.772644	 -0.234419	 -0.154362	 2.356505	 6.026496	 2.562199
 0.775000	 -0.228393	 -0.151800	 2.301595	 6.043156	 2.573170
 0.777302	 -0.222349	 -0.149227	 2.246527	 6.059384	 2.583956
 0.779548	 -0.216290	 -0.146643	 2.191304	 6.075181	 2.594558
 0.781740	 -0.210215	 -0.144048	 2.135930	 6.090545	 2.604974
 0.783876	 -0.204124	 -0.141443	 2.080411	 6.105474	 2.615204
 0.785956	 -0.198019	 -0.138828	 2.024749	 6.119969	 2.625248
 0.787981	 -0.191899	 -0.136203	 1.968949	 6.134028	 2.635104
 0.789950	 -0.185765	 -0.133568	 1.913015	 6.147649	 2.644773
 0.791863	 -0.179617	 -0.130923	 1.856951	 6.160833	 2.654252
 0.793720	 -0.173456	 -0.128269	 1.800761	 6.173579	 2.663542
 0.795521	 -0.167283	 -0.125605	 1.744450	 6.185885	 2.672642
 0.797265	 -0.161097	 -0.122933	 1.688021	 6.197751	 2.681552
 0.798953	 -0.154899	 -0.120251	 1.631479	 6.209176	 2.690270
 0.800584	 -0.148690	 -0.117561	 1.574828	 6.220159	 2.698797
 0.802159	 -0.142470	 -0.114862	 1.518072	 6.230700	 2.707131
 0.803677	 -0.136239	 -0.112155	 1.461214	 6.240798	 2.715273
 0.805139	 -0.129998	 -0.109440	 1.404261	 6.250453	 2.723221
 0.806543	 -0.123748	 -0.106716	 1.347214	 6.259664	 2.730975
 0.807890	 -0.117488	 -0.103985	 1.290080	 6.268430	 2.738535
 0.809180	 -0.111220	 -0.101247	 1.232861	 6.276751	 2.745899
 0.810413	 -0.104943	 -0.098501	 1.175563	 6.284627	 2.753069
 0.811589	 -0.098658	 -0.095748	 1.118188	 6.292056	 2.760042
 0.812707	 -0.092366	 -0.092988	 1.060743	 6.299040	 2.766819
 0.813767	 -0.086067	 -0.090221	 1.003230	 6.305576	 2.773400
 0.814771	 -0.079762	 -0.087448	 0.945654	 6.311665	 2.779783
 0.815716	 -0.073450	 -0.084668	 0.888019	 6.317308	 2.785969
 0.816604	 -0.067133	 -0.081882	 0.830330	 6.322502	 2.791957
 0.817435	 -0.060810	 -0.079090	 0.772590	 6.327249	 2.797746
 0.818207	 -0.054483	 -0.076292	 0.714804	 6.331548	 2.803337
 0.818922	 -0.048151	 -0.073489	 0.656976	 6.335398	 2.808730
 0.819579	 -0.041816	 -0.070680	 0.599111	 6.338801	 2.813922
 0.820178	 -0.035477	 -0.067866	 0.541212	 6.341755	 2.818915
 0.820719	 -0.029135	 -0.065047	 0.483284	 6.344261	 2.823709
 0.821203	 -0.022791	 -0.062223	 0.425331	 6.346318	 2.828302
 0.821628	 -0.016445	 -0.059395	 0.367357	 6.347927	 2.832695
 0.821995	 -0.010097	 -0.056562	 0.309367	 6.349087	 2.836887
 0.822305	 -0.003748	 -0.053726	 0.251365	 6.349800	 2.840878
 0.822556	 0.002602	 -0.050885	 0.193354	 6.350064	 2.844668
 0.822749	 0.008952	 -0.048040	 0.135340	 6.349881	 2.848257
 0.822885	 0.015302	 -0.045192	 0.077327	 6.349250	 2.851644
 0.822962	 0.021651	 -0.042340	 0.019318	 6.348171	 2.854830
 0.822981	 0.027999	 -0.039485	 -0.038682	 6.346645	 2.857814
 0.822943	 0.034346	 -0.036628	 -0.096669	 6.344672	 2.860596
 0.822846	 0.040691	 -0.033767	 -0.154639	 6.342253	 2.863176
 0.822691	 0.047033	 -0.030904	 -0.212587	 6.339387	 2.865554
 0.822479	 0.053372	 -0.028038	 -0.270509	 6.336076	 2.867730
 0.822208	 0.059708	 -0.025170	 -0.328401	 6.332319	 2.869704
 0.821880	 0.066041	 -0.022301	 -0.386259	 6.328117	 2.871475
 0.821494	 0.072369	 -0.019429	 -0.444078	 6.323472	 2.873044
 0.821050	 0.078692	 -0.016556	 -0.501855	 6.318382	 2.874410
 0.820548	 0.085011	 -0.013682	 -0.559585	 6.312849	 2.875574
 0.819988	 0.091324	 -0.010806	 -0.617264	 6.306873	 2.876536
 0.819371	 0.097630	 -0.007930	 -0.674888	 6.300455	 2.877295
 0.818696	 0.103931	 -0.005052	 -0.732452	 6.293596	 2.877853
 0.817964	 0.110224	 -0.002175	 -0.789953	 6.286297	 2.878207
 0.817174	 0.116511	 0.000704	 -0.847387	 6.278557	 2.878360
 0.816326	 0.122789	 0.003582	 -0.904748	 6.270379	 2.878311
 0.815422	 0.129060	 0.006460	 -0.962034	 6.261762	 2.878059
 0.814459	 0.135321	 0.009338	 -1.019239	 6.252708	 2.877606
 0.813440	 0.141574	 0.012216	 -1.076360	 6.243217	 2.876951
 0.812364	 0.147817	 0.015093	 -1.133393	 6.233291	 2.876095
 0.811230	 0.154051	 0.017969	 -1.190334	 6.222930	 2.875037
 0.810040	 0.160274	 0.020844	 -1.247178	 6.212136	 2.873778
 0.808793	 0.166486	 0.023718	 -1.303921	 6.200909	 2.872317
 0.807489	 0.172687	 0.026590	 -1.360560	 6.189250	 2.870657
 0.806128	 0.178876	 0.029461	 -1.417090	 6.177161	 2.868795
 0.804711	 0.185053	 0.032330	 -1.473507	 6.164642	 2.866733
 0.803238	 0.191218	 0.035196	 -1.529808	 6.151695	 2.864471
 0.801708	 0.197369	 0.038061	 -1.585987	 6.138321	 2.862010
 0.800122	 0.203508	 0.040923	 -1.642042	 6.124521	 2.859348
 0.798480	 0.209632	 0.043782	 -1.697968	 6.110296	 2.856488
 0.796782	 0.215743	 0.046639	 -1.753761	 6.095649	 2.853429
 0.795028	 0.221838	 0.049492	 -1.809417	 6.080579	 2.850171
 0.793219	 0.227919	 0.052342	 -1.864933	 6.065088	 2.846715
 0.791354	 0.233984	 0.055189	 -1.920303	 6.049178	 2.843061
 0.789434	 0.240033	 0.058032	 -1.975525	 6.032850	 2.839210
 0.787458	 0.246066	 0.060871	 -2.030595	 6.016106	 2.835162
 0.785428	 0.252082	 0.063706	 -2.085508	 5.998947	 2.830917
 0.783342	 0.258081	 0.066537	 -2.140260	 5.981374	 2.826476
 0.781202	 0.264062	 0.069364	 -2.194849	 5.963389	 2.821839
 0.779007	 0.270026	 0.072186	 -2.249269	 5.944994	 2.817007
 0.776758	 0.275971	 0.075003	 -2.303518	 5.926190	 2.811980
 0.774454	 0.281897	 0.077815	 -2.357591	 5.906979	 2.806759
 0.772097	 0.287804	 0.080621	 -2.411484	 5.887362	 2.801344
 0.769685	 0.293691	 0.083423	 -2.465194	 5.867341	 2.795736
 0.767220	 0.299559	 0.086218	 -2.518716	 5.846918	 2.789935
 0.764701	 0.305405	 0.089008	 -2.572048	 5.826095	 2.783942
 0.762129	 0.311232	 0.091792	 -2.625186	 5.804873	 2.777757
 0.759504	 0.317036	 0.094570	 -2.678125	 5.783254	 2.771380
 0.756826	 0.322820	 0.097341	 -2.730862	 5.761240	 2.764814
 0.754095	 0.328581	 0.100106	 -2.783394	 5.738833	 2.758057
 0.751312	 0.334320	 0.102864	 -2.835716	 5.716035	 2.751112
 0.748476	 0.340036	 0.105615	 -2.887825	 5.692847	 2.743977
 0.745588	 0.345729	 0.108359	 -2.939718	 5.669272	 2.736655
 0.742648	 0.351398	 0.111096	 -2.991391	 5.645312	 2.729145
 0.739657	 0.357043	 0.113825	 -3.042840	 5.620968	 2.721448
 0.736614	 0.362664	 0.116547	 -3.094061	 5.596242	 2.713566
 0.733520	 0.368260	 0.119260	 -3.145052	 5.571137	 2.705498
 0.730375	 0.373832	 0.121966	 -3.195809	 5.545655	 2.697246
 0.727179	 0.379377	 0.124663	 -3.246328	 5.519798	 2.688810
 0.723933	 0.384897	 0.127352	 -3.296606	 5.493568	 2.680190
 0.720636	 0.390391	 0.130032	 -3.346638	 5.466966	 2.671389
 0.717290	 0.395858	 0.132703	 -3.396423	 5.439996	 2.662405
 0.713893	 0.401298	 0.135366	 -3.445957	 5.412660	 2.653241
 0.710447	 0.406710	 0.138019	 -3.495235	 5.384959	 2.643897
 0.706952	 0.412095	 0.140663	 -3.544255	 5.356897	 2.634374
 0.703408	 0.417452	 0.143297	 -3.593014	 5.328474	 2.624673
 0.699815	 0.422781	 0.145922	 -3.641508	 5.299694	 2.614794
 0.696173	 0.428080	 0.148537	 -3.689734	 5.270560	 2.604738
 0.692483	 0.433351	 0.151142	 -3.737688	 5.241072	 2.594506
 0.688746	 0.438592	 0.153736	 -3.785368	 5.211235	 2.584100
 0.684960	 0.443803	 0.156320	 -3.832770	 5.181049	 2.573519
 0.681128	 0.448984	 0.158894	 -3.879891	 5.150518	 2.562765
 0.677248	 0.454135	 0.161456	 -3.926728	 5.119644	 2.551839
 0.673321	 0.459254	 0.164008	 -3.973278	 5.088430	 2.540741
 0.669348	 0.464343	 0.166549	 -4.019538	 5.056877	 2.529473
 0.665328	 0.469400	 0.169078	 -4.065504	 5.024990	 2.518036
 0.661263	 0.474425	 0.171596	 -4.111173	 4.992769	 2.506430
 0.657151	 0.479417	 0.174103	 -4.156543	 4.960218	 2.494657
 0.652995	 0.484378	 0.176598	 -4.201611	 4.927340	 2.482717
 0.648793	 0.489305	 0.179080	 -4.246373	 4.894136	 2.470611
 0.644547	 0.494199	 0.181551	 -4.290827	 4.860610	 2.458341
 0.640256	 0.499060	 0.184009	 -4.334970	 4.826764	 2.445907
 0.635921	 0.503886	 0.186455	 -4.378798	 4.792601	 2.433311
 0.631542	 0.508679	 0.188888	 -4.422310	 4.758124	 2.420553
 0.627120	 0.513437	 0.191309	 -4.465501	 4.723335	 2.407635
 0.622655	 0.518161	 0.193717	 -4.508371	 4.688237	 2.394557
 0.618146	 0.522849	 0.196111	 -4.550914	 4.652833	 2.381321
 0.613595	 0.527502	 0.198493	 -4.593130	 4.617125	 2.367928
 0.609002	 0.532119	 0.200860	 -4.635014	 4.581118	 2.354379
 0.604367	 0.536700	 0.203215	 -4.676566	 4.544812	 2.340674
 0.599691	 0.541245	 0.205556	 -4.717781	 4.508212	 2.326816
 0.594973	 0.545753	 0.207882	 -4.758657	 4.471319	 2.312805
 0.590214	 0.550224	 0.210195	 -4.799192	 4.434138	 2.298642
 0.585415	 0.554658	 0.212494	 -4.839383	 4.396670	 2.284329
 0.580576	 0.559055	 0.214778	 -4.879227	 4.358919	 2.269866
 0.575696	 0.563414	 0.217048	 -4.918723	 4.320887	 2.255255
 0.570778	 0.567735	 0.219303	 -4.957867	 4.282578	 2.240497
 0.565820	 0.572017	 0.221544	 -4.996657	 4.243995	 2.225593
 0.560823	 0.576261	 0.223769	 -5.035091	 4.205140	 2.210544
 0.555788	 0.580466	 0.225980	 -5.073166	 4.166016	 2.195352
 0.550715	 0.584633	 0.228175	 -5.110881	 4.126628	 2.180018
 0.545604	 0.588759	 0.230355	 -5.148231	 4.086976	 2.164542
 0.540456	 0.592846	 0.232520	 -5.185217	 4.047066	 2.148927
 0.535270	 0.596893	 0.234669	 -5.221834	 4.006899	 2.133173
 0.530049	 0.600900	 0.236802	 -5.258081	 3.966478	 2.117282
 0.524791	 0.604867	 0.238919	 -5.293956	 3.925808	 2.101255
 0.519497	 0.608792	 0.241020	 -5.329457	 3.884891	 2.085093
 0.514167	 0.612677	 0.243106	 -5.364581	 3.843729	 2.068797
 0.508803	 0.616521	 0.245174	 -5.399326	 3.802327	 2.052369
 0.503403	 0.620323	 0.247227	 -5.433691	 3.760687	 2.035810
 0.497970	 0.624084	 0.249262	 -5.467672	 3.718813	 2.019121
 0.492502	 0.627803	 0.251282	 -5.501269	 3.676707	 2.002304
 0.487001	 0.631480	 0.253284	 -5.534480	 3.634373	 1.985359
 0.481466	 0.635114	 0.255269	 -5.567301	 3.591814	 1.968289
 0.475899	 0.638706	 0.257238	 -5.599732	 3.549034	 1.951095
 0.470299	 0.642255	 0.259189	 -5.631771	 3.506035	 1.933777
 0.464667	 0.645761	 0.261122	 -5.663415	 3.462820	 1.916337
 0.459004	 0.649224	 0.263039	 -5.694663	 3.419394	 1.898777
 0.453309	 0.652643	 0.264938	 -5.725514	 3.375759	 1.881098
 0.447584	 0.656019	 0.266819	 -5.755964	 3.331918	 1.863301
 0.441828	 0.659351	 0.268682	 -5.786014	 3.287875	 1.845387
 0.436042	 0.662639	 0.270527	 -5.815660	 3.243633	 1.827359
 0.430226	 0.665882	 0.272355	 -5.844902	 3.199195	 1.809217
 0.424381	 0.669081	 0.274164	 -5.873738	 3.154565	 1.790963
 0.418507	 0.672236	 0.275955	 -5.902165	 3.109745	 1.772597
 0.412605	 0.675346	 0.277727	 -5.930184	 3.064740	 1.754123
 0.406675	 0.678410	 0.279482	 -5.957791	 3.019552	 1.735540
 0.400717	 0.681430	 0.281217	 -5.984987	 2.974186	 1.716850
 0.394732	 0.684404	 0.282934	 -6.011768	 2.928643	 1.698055
 0.388721	 0.687333	 0.284632	 -6.038134	 2.882928	 1.679157
 0.382682	 0.690216	 0.286311	 -6.064084	 2.837044	 1.660155
 0.376618	 0.693053	 0.287971	 -6.089616	 2.790994	 1.641053
 0.370529	 0.695844	 0.289612	 -6.114729	 2.744781	 1.621851
 0.364414	 0.698589	 0.291234	 -6.139421	 2.698410	 1.602552
 0.358275	 0.701287	 0.292837	 -6.163692	 2.651883	 1.583155
 0.352111	 0.703939	 0.294420	 -6.187539	 2.605204	 1.563663
 0.345923	 0.706544	 0.295984	 -6.210963	 2.558375	 1.544077
 0.339712	 0.709102	 0.297528	 -6.233961	 2.511402	 1.524399
 0.333478	 0.711614	 0.299052	 -6.256533	 2.464286	 1.504630
 0.327222	 0.714078	 0.300557	 -6.278678	 2.417031	 1.484772
 0.320943	 0.716495	 0.302042	 -6.300394	 2.369642	 1.464825
 0.314643	 0.718865	 0.303506	 -6.321680	 2.322120	 1.444792
 0.308321	 0.721187	 0.304951	 -6.342536	 2.274470	 1.424674
 0.301979	 0.723461	 0.306376	 -6.362961	 2.226694	 1.404473
 0.295616	 0.725688	 0.307780	 -6.382954	 2.178797	 1.384189
 0.289233	 0.727867	 0.309164	 -6.402513	 2.130782	 1.363825
 0.282830	 0.729998	 0.310528	 -6.421639	 2.082652	 1.343381
 0.276409	 0.732080	 0.311872	 -6.440329	 2.034411	 1.322860
