 0.058953	 -0.399391	 -0.219456	 8.131074	 1.936673	 0.191326
 0.067084	 -0.397454	 -0.219264	 8.106984	 2.099878	 0.281003
 0.075191	 -0.395354	 -0.218983	 8.079447	 2.263029	 0.371009
 0.083270	 -0.393091	 -0.218612	 8.048434	 2.426094	 0.461329
 0.091319	 -0.390665	 -0.218151	 8.013917	 2.589040	 0.551949
 0.099333	 -0.388076	 -0.217599	 7.975863	 2.751833	 0.642854
 0.107309	 -0.385324	 -0.216956	 7.934243	 2.914437	 0.734029
 0.115243	 -0.382410	 -0.216222	 7.889022	 3.076817	 0.825456
 0.123132	 -0.379333	 -0.215397	 7.840167	 3.238933	 0.917120
 0.130972	 -0.376094	 -0.214480	 7.787642	 3.400747	 1.009003
 0.138760	 -0.372693	 -0.213471	 7.731411	 3.562217	 1.101086
 0.146491	 -0.369131	 -0.212369	 7.671437	 3.723301	 1.193352
 0.154162	 -0.365408	 -0.211176	 7.607682	 3.883953	 1.285778
 0.161770	 -0.361524	 -0.209890	 7.540105	 4.044127	 1.378346
 0.169310	 -0.357480	 -0.208512	 7.468668	 4.203775	 1.471033
 0.176779	 -0.353276	 -0.207041	 7.393328	 4.362847	 1.563817
 0.184172	 -0.348913	 -0.205477	 7.314044	 4.521288	 1.656673
 0.191486	 -0.344392	 -0.203820	 7.230773	 4.679045	 1.749577
 0.198717	 -0.339713	 -0.202071	 7.143471	 4.836060	 1.842503
 0.205861	 -0.334877	 -0.200228	 7.052093	 4.992272	 1.935422
 0.212913	 -0.329884	 -0.198293	 6.956596	 5.147620	 2.028307
 0.219869	 -0.324737	 -0.196265	 6.856932	 5.302038	 2.121128
 0.226726	 -0.319435	 -0.194144	 6.753056	 5.455457	 2.213851
 0.233479	 -0.313979	 -0.191930	 6.644922	 5.607807	 2.306446
 0.240124	 -0.308371	 -0.189623	 6.532483	 5.759014	 2.398875
 0.246657	 -0.302612	 -0.187224	 6.415692	 5.908999	 2.491104
 0.253072	 -0.296703	 -0.184733	 6.294503	 6.057681	 2.583092
 0.259367	 -0.290646	 -0.182150	 6.168867	 6.204977	 2.674801
 0.265536	 -0.284441	 -0.179475	 6.038740	 6.350797	 2.766188
 0.271574	 -0.278090	 -0.176709	 5.904074	 6.495050	 2.857209
 0.277479	 -0.271595	 -0.173852	 5.764825	 6.637640	 2.947816
 0.283243	 -0.264957	 -0.170904	 5.620947	 6.778467	 3.037961
 0.288864	 -0.258179	 -0.167866	 5.472397	 6.917427	 3.127594
 0.294337	 -0.251261	 -0.164739	 5.319132	 7.054411	 3.216660
 0.299656	 -0.244207	 -0.161522	 5.161111	 7.189306	 3.305103
 0.304817	 -0.237018	 -0.158217	 4.998295	 7.321994	 3.392865
 0.309815	 -0.229696	 -0.154824	 4.830647	 7.452353	 3.479884
 0.314646	 -0.222243	 -0.151344	 4.658131	 7.580256	 3.566095
 0.319304	 -0.214663	 -0.147778	 4.480715	 7.705570	 3.651432
 0.323785	 -0.206958	 -0.144127	 4.298369	 7.828158	 3.735824
 0.328083	 -0.199129	 -0.140391	 4.111069	 7.947877	 3.819197
 0.332194	 -0.191181	 -0.136572	 3.918791	 8.064580	 3.901475
 0.336113	 -0.183117	 -0.132670	 3.721517	 8.178113	 3.982578
 0.339834	 -0.174939	 -0.128687	 3.519235	 8.288318	 4.062423
 0.343354	 -0.166650	 -0.124625	 3.311936	 8.395031	 4.140922
 0.346666	 -0.158255	 -0.120484	 3.099617	 8.498082	 4.217986
 0.349765	 -0.149757	 -0.116266	 2.882283	 8.597296	 4.293521
 0.352648	 -0.141160	 -0.111973	 2.659944	 8.692494	 4.367429
 0.355307	 -0.132468	 -0.107605	 2.432617	 8.783490	 4.439610
 0.357740	 -0.123684	 -0.103166	 2.200330	 8.870093	 4.509958
 0.359940	 -0.114814	 -0.098656	 1.963115	 8.952107	 4.578367
 0.361904	 -0.105862	 -0.094077	 1.721018	 9.029331	 4.644723
 0.363625	 -0.096833	 -0.089433	 1.474093	 9.101560	 4.708911
 0.365099	 -0.087731	 -0.084724	 1.222404	 9.168584	 4.770813
 0.366321	 -0.078562	 -0.079953	 0.966028	 9.230190	 4.830307
 0.367287	 -0.069332	 -0.075122	 0.705053	 9.286159	 4.887267
 0.367992	 -0.060046	 -0.070235	 0.439582	 9.336272	 4.941565
 0.368432	 -0.050710	 -0.065294	 0.169730	 9.380304	 4.993069
 0.368601	 -0.041329	 -0.060301	 -0.104372	 9.418031	 5.041646
 0.368497	 -0.031911	 -0.055259	 -0.382578	 9.449225	 5.087158
 0.368115	 -0.022462	 -0.050172	 -0.664727	 9.473658	 5.129468
 0.367450	 -0.012989	 -0.045042	 -0.950638	 9.491105	 5.168436
 0.366499	 -0.003497	 -0.039874	 -1.240116	 9.501337	 5.203921
 0.365259	 0.006004	 -0.034670	 -1.532943	 9.504131	 5.235779
 0.363726	 0.015508	 -0.029434	 -1.828888	 9.499267	 5.263870
 0.361897	 0.025007	 -0.024170	 -2.127694	 9.486527	 5.288051
 0.359770	 0.034494	 -0.018882	 -2.429088	 9.465700	 5.308180
 0.357340	 0.043960	 -0.013574	 -2.732776	 9.436584	 5.324119
 0.354608	 0.053396	 -0.008250	 -3.038442	 9.398981	 5.335730
 0.351569	 0.062795	 -0.002914	 -3.345750	 9.352707	 5.342880
 0.348223	 0.072148	 0.002429	 -3.654342	 9.297588	 5.345438
 0.344569	 0.081445	 0.007774	 -3.963841	 9.233464	 5.343279
 0.340605	 0.090679	 0.013117	 -4.273847	 9.160188	 5.336285
 0.336331	 0.099839	 0.018454	 -4.583942	 9.077632	 5.324342
 0.331747	 0.108917	 0.023778	 -4.893688	 8.985685	 5.307347
 0.326854	 0.117902	 0.029085	 -5.202626	 8.884257	 5.285204
 0.321651	 0.126787	 0.034371	 -5.510284	 8.773279	 5.257827
 0.316141	 0.135560	 0.039628	 -5.816170	 8.652706	 5.225141
 0.310325	 0.144213	 0.044854	 -6.119779	 8.522520	 5.187084
 0.304205	 0.152735	 0.050041	 -6.420594	 8.382727	 5.143605
 0.297784	 0.161118	 0.055184	 -6.718084	 8.233363	 5.094668
 0.291066	 0.169351	 0.060279	 -7.011714	 8.074493	 5.040254
 0.284055	 0.177426	 0.065319	 -7.300938	 7.906214	 4.980357
 0.276754	 0.185332	 0.070299	 -7.585210	 7.728652	 4.914988
 0.269168	 0.193061	 0.075214	 -7.863983	 7.541968	 4.844175
 0.261304	 0.200603	 0.080059	 -8.136711	 7.346354	 4.767966
 0.253168	 0.207949	 0.084827	 -8.402854	 7.142037	 4.686425
 0.244765	 0.215091	 0.089513	 -8.661881	 6.929275	 4.599635
 0.236103	 0.222020	 0.094113	 -8.913274	 6.708360	 4.507698
 0.227190	 0.228729	 0.098620	 -9.156529	 6.479614	 4.410734
 0.218033	 0.235208	 0.103031	 -9.391162	 6.243392	 4.308883
 0.208642	 0.241452	 0.107340	 -9.616709	 6.000078	 4.202301
 0.199025	 0.247452	 0.111542	 -9.832733	 5.750084	 4.091164
 0.189193	 0.253202	 0.115633	 -10.038825	 5.493846	 3.975661
 0.179154	 0.258696	 0.119609	 -10.234606	 5.231827	 3.856001
 0.168919	 0.263927	 0.123465	 -10.419731	 4.964509	 3.732405
 0.158499	 0.268892	 0.127198	 -10.593890	 4.692394	 3.605109
 0.147905	 0.273584	 0.130803	 -10.756813	 4.415998	 3.474362
 0.137149	 0.278000	 0.134277	 -10.908265	 4.135852	 3.340423
 0.126240	 0.282136	 0.137617	 -11.048056	 3.852496	 3.203558
 0.115192	 0.285989	 0.140821	 -11.176035	 3.566474	 3.064046
 0.104016	 0.289555	 0.143885	 -11.292093	 3.278336	 2.922167
 0.092724	 0.292833	 0.146807	 -11.396164	 2.988631	 2.778207
 0.081328	 0.295822	 0.149585	 -11.488221	 2.697903	 2.632455
 0.069840	 0.298520	 0.152218	 -11.568282	 2.406690	 2.485201
 0.058272	 0.300927	 0.154703	 -11.636402	 2.115523	 2.336732
 0.046635	 0.303042	 0.157040	 -11.692675	 1.824917	 2.187335
 0.034942	 0.304867	 0.159227	 -11.737232	 1.535375	 2.037291
 0.023205	 0.306403	 0.161264	 -11.770241	 1.247381	 1.886876
 0.011435	 0.307650	 0.163151	 -11.791900	 0.961401	 1.736360
 -0.000357	 0.308611	 0.164888	 -11.802438	 0.677876	 1.586003
 -0.012159	 0.309289	 0.166474	 -11.802113	 0.397230	 1.436057
 -0.023961	 0.309686	 0.167910	 -11.791209	 0.119858	 1.286762
 -0.035753	 0.309806	 0.169196	 -11.770030	 -0.153869	 1.138349
 -0.047523	 0.309652	 0.170335	 -11.738901	 -0.423606	 0.991036
 -0.059262	 0.309229	 0.171326	 -11.698166	 -0.689033	 0.845029
 -0.070960	 0.308540	 0.172171	 -11.648180	 -0.949860	 0.700520
 -0.082608	 0.307590	 0.172871	 -11.589313	 -1.205821	 0.557689
 -0.094197	 0.306384	 0.173429	 -11.521941	 -1.456678	 0.416702
 -0.105719	 0.304927	 0.173846	 -11.446450	 -1.702220	 0.277713
 -0.117166	 0.303225	 0.174124	 -11.363227	 -1.942261	 0.140861
 -0.128529	 0.301283	 0.174264	 -11.272664	 -2.176639	 0.006272
 -0.139802	 0.299106	 0.174271	 -11.175150	 -2.405218	 -0.125940
 -0.150977	 0.296701	 0.174145	 -11.071077	 -2.627885	 -0.255674
 -0.162048	 0.294073	 0.173889	 -10.960827	 -2.844548	 -0.382842
 -0.173009	 0.291229	 0.173506	 -10.844783	 -3.055137	 -0.507365
 -0.183853	 0.288173	 0.172999	 -10.723318	 -3.259601	 -0.629180
 -0.194577	 0.284914	 0.172370	 -10.596799	 -3.457909	 -0.748230
 -0.205173	 0.281456	 0.171621	 -10.465582	 -3.650046	 -0.864471
 -0.215639	 0.277806	 0.170757	 -10.330017	 -3.836014	 -0.977867
 -0.225969	 0.273970	 0.169779	 -10.190439	 -4.015830	 -1.088393
 -0.236160	 0.269954	 0.168691	 -10.047177	 -4.189525	 -1.196032
 -0.246207	 0.265765	 0.167495	 -9.900545	 -4.357140	 -1.300772
 -0.256107	 0.261407	 0.166194	 -9.750846	 -4.518730	 -1.402613
 -0.265858	 0.256889	 0.164791	 -9.598372	 -4.674360	 -1.501557
 -0.275456	 0.252214	 0.163290	 -9.443400	 -4.824104	 -1.597615
 -0.284900	 0.247390	 0.161692	 -9.286198	 -4.968041	 -1.690804
 -0.294186	 0.242422	 0.160001	 -9.127020	 -5.106262	 -1.781144
 -0.303313	 0.237316	 0.158220	 -8.966107	 -5.238862	 -1.868661
 -0.312279	 0.232077	 0.156351	 -8.803689	 -5.365940	 -1.953385
 -0.321083	 0.226711	 0.154398	 -8.639983	 -5.487601	 -2.035349
 -0.329723	 0.221224	 0.152363	 -8.475197	 -5.603954	 -2.114589
 -0.338198	 0.215620	 0.150248	 -8.309524	 -5.715110	 -2.191146
 -0.346508	 0.209904	 0.148057	 -8.143147	 -5.821184	 -2.265060
 -0.354651	 0.204083	 0.145792	 -7.976240	 -5.922292	 -2.336377
 -0.362627	 0.198161	 0.143456	 -7.808964	 -6.018551	 -2.405142
 -0.370436	 0.192142	 0.141050	 -7.641472	 -6.110078	 -2.471402
 -0.378077	 0.186032	 0.138579	 -7.473906	 -6.196993	 -2.535206
 -0.385551	 0.179835	 0.136044	 -7.306400	 -6.279414	 -2.596603
 -0.392858	 0.173556	 0.133447	 -7.139078	 -6.357460	 -2.655643
 -0.399997	 0.167198	 0.130792	 -6.972055	 -6.431247	 -2.712378
 -0.406969	 0.160767	 0.128079	 -6.805439	 -6.500892	 -2.766858
 -0.413774	 0.154266	 0.125312	 -6.639331	 -6.566511	 -2.819135
 -0.420414	 0.147700	 0.122493	 -6.473822	 -6.628217	 -2.869260
 -0.426887	 0.141072	 0.119624	 -6.308999	 -6.686123	 -2.917283
 -0.433196	 0.134385	 0.116707	 -6.144940	 -6.740338	 -2.963256
 -0.439341	 0.127645	 0.113743	 -5.981719	 -6.790973	 -3.007230
 -0.445323	 0.120854	 0.110736	 -5.819402	 -6.838132	 -3.049253
 -0.451143	 0.114016	 0.107687	 -5.658050	 -6.881920	 -3.089375
 -0.456801	 0.107134	 0.104598	 -5.497720	 -6.922440	 -3.127646
 -0.462298	 0.100212	 0.101470	 -5.338462	 -6.959791	 -3.164112
 -0.467637	 0.093252	 0.098306	 -5.180323	 -6.994071	 -3.198822
 -0.472817	 0.086258	 0.095107	 -5.023346	 -7.025374	 -3.231822
 -0.477840	 0.079232	 0.091875	 -4.867567	 -7.053793	 -3.263157
 -0.482708	 0.072179	 0.088612	 -4.713021	 -7.079419	 -3.292872
 -0.487421	 0.065099	 0.085319	 -4.559738	 -7.102339	 -3.321010
 -0.491981	 0.057997	 0.081998	 -4.407746	 -7.122639	 -3.347615
 -0.496388	 0.050874	 0.078651	 -4.257068	 -7.140401	 -3.372728
 -0.500646	 0.043734	 0.075278	 -4.107726	 -7.155707	 -3.396391
 -0.504753	 0.036578	 0.071881	 -3.959737	 -7.168635	 -3.418643
 -0.508713	 0.029409	 0.068463	 -3.813118	 -7.179260	 -3.439523
 -0.512526	 0.022230	 0.065023	 -3.667881	 -7.187656	 -3.459069
 -0.516194	 0.015043	 0.061564	 -3.524037	 -7.193895	 -3.477318
 -0.519718	 0.007849	 0.058087	 -3.381596	 -7.198046	 -3.494306
 -0.523100	 0.000651	 0.054593	 -3.240564	 -7.200176	 -3.510069
 -0.526340	 -0.006550	 0.051082	 -3.100948	 -7.200350	 -3.524640
 -0.529441	 -0.013750	 0.047558	 -2.962750	 -7.198630	 -3.538052
 -0.532404	 -0.020949	 0.044020	 -2.825972	 -7.195078	 -3.550338
 -0.535230	 -0.028144	 0.040469	 -2.690616	 -7.189752	 -3.561530
 -0.537920	 -0.035333	 0.036908	 -2.556681	 -7.182709	 -3.571657
 -0.540477	 -0.042516	 0.033336	 -2.424165	 -7.174005	 -3.580749
 -0.542901	 -0.049690	 0.029755	 -2.293065	 -7.163692	 -3.588835
 -0.545194	 -0.056854	 0.026167	 -2.163378	 -7.151822	 -3.595943
 -0.547358	 -0.064006	 0.022571	 -2.035098	 -7.138445	 -3.602100
 -0.549393	 -0.071144	 0.018969	 -1.908220	 -7.123609	 -3.607332
 -0.551301	 -0.078268	 0.015361	 -1.782738	 -7.107359	 -3.611664
 -0.553084	 -0.085375	 0.011750	 -1.658645	 -7.089742	 -3.615122
 -0.554742	 -0.092465	 0.008134	 -1.535933	 -7.070800	 -3.617729
 -0.556278	 -0.099536	 0.004517	 -1.414593	 -7.050575	 -3.619508
 -0.557693	 -0.106586	 0.000897	 -1.294617	 -7.029107	 -3.620482
 -0.558988	 -0.113615	 -0.002723	 -1.175996	 -7.006437	 -3.620673
 -0.560164	 -0.120622	 -0.006344	 -1.058720	 -6.982600	 -3.620102
 -0.561222	 -0.127604	 -0.009964	 -0.942778	 -6.957634	 -3.618789
 -0.562165	 -0.134562	 -0.013583	 -0.828161	 -6.931574	 -3.616754
 -0.562993	 -0.141493	 -0.017200	 -0.714858	 -6.904453	 -3.614016
 -0.563708	 -0.148398	 -0.020814	 -0.602858	 -6.876305	 -3.610595
 -0.564311	 -0.155274	 -0.024424	 -0.492149	 -6.847160	 -3.606507
 -0.564803	 -0.162121	 -0.028031	 -0.382721	 -6.817050	 -3.601771
 -0.565186	 -0.168938	 -0.031632	 -0.274562	 -6.786004	 -3.596403
 -0.565460	 -0.175724	 -0.035229	 -0.167660	 -6.754050	 -3.590420
 -0.565628	 -0.182478	 -0.038819	 -0.062003	 -6.721216	 -3.583837
 -0.565690	 -0.189200	 -0.042403	 0.042419	 -6.687528	 -3.576671
 -0.565648	 -0.195887	 -0.045980	 0.145620	 -6.653012	 -3.568935
 -0.565502	 -0.202540	 -0.049549	 0.247611	 -6.617692	 -3.560644
 -0.565254	 -0.209158	 -0.053109	 0.348404	 -6.581592	 -3.551813
 -0.564906	 -0.215740	 -0.056661	 0.448011	 -6.544735	 -3.542454
 -0.564458	 -0.222284	 -0.060204	 0.546443	 -6.507143	 -3.532581
 -0.563912	 -0.228791	 -0.063736	 0.643713	 -6.468838	 -3.522207
 -0.563268	 -0.235260	 -0.067258	 0.739833	 -6.429840	 -3.511343
 -0.562528	 -0.241690	 -0.070770	 0.834815	 -6.390169	 -3.500001
 -0.561693	 -0.248080	 -0.074270	 0.928670	 -6.349844	 -3.488194
 -0.560765	 -0.254430	 -0.077758	 1.021409	 -6.308885	 -3.475931
 -0.559743	 -0.260739	 -0.081234	 1.113045	 -6.267307	 -3.463225
 -0.558630	 -0.267006	 -0.084697	 1.203590	 -6.225130	 -3.450084
 -0.557427	 -0.273231	 -0.088147	 1.293053	 -6.182370	 -3.436520
 -0.556133	 -0.279414	 -0.091584	 1.381448	 -6.139042	 -3.422542
 -0.554752	 -0.285553	 -0.095006	 1.468785	 -6.095162	 -3.408159
 -0.553283	 -0.291648	 -0.098414	 1.555074	 -6.050745	 -3.393382
 -0.551728	 -0.297699	 -0.101808	 1.640328	 -6.005806	 -3.378217
 -0.550088	 -0.303705	 -0.105186	 1.724557	 -5.960358	 -3.362675
 -0.548363	 -0.309665	 -0.108549	 1.807772	 -5.914415	 -3.346763
 -0.546555	 -0.315579	 -0.111895	 1.889982	 -5.867990	 -3.330489
 -0.544666	 -0.321447	 -0.115226	 1.971200	 -5.821095	 -3.313862
 -0.542694	 -0.327268	 -0.118540	 2.051434	 -5.773743	 -3.296888
 -0.540643	 -0.333042	 -0.121837	 2.130696	 -5.725945	 -3.279575
 -0.538512	 -0.338768	 -0.125116	 2.208995	 -5.677712	 -3.261930
 -0.536303	 -0.344446	 -0.128378	 2.286341	 -5.629055	 -3.243959
 -0.534017	 -0.350075	 -0.131622	 2.362744	 -5.579984	 -3.225670
 -0.531654	 -0.355655	 -0.134848	 2.438213	 -5.530511	 -3.207069
 -0.529216	 -0.361185	 -0.138055	 2.512757	 -5.480643	 -3.188162
 -0.526703	 -0.366666	 -0.141243	 2.586387	 -5.430392	 -3.168954
 -0.524117	 -0.372096	 -0.144412	 2.659111	 -5.379765	 -3.149452
 -0.521458	 -0.377476	 -0.147561	 2.730938	 -5.328771	 -3.129661
 -0.518727	 -0.382805	 -0.150691	 2.801877	 -5.277419	 -3.109587
 -0.515925	 -0.388082	 -0.153801	 2.871937	 -5.225717	 -3.089235
 -0.513053	 -0.393308	 -0.156890	 2.941125	 -5.173673	 -3.068609
 -0.510112	 -0.398482	 -0.159959	 3.009451	 -5.121295	 -3.047715
 -0.507102	 -0.403603	 -0.163006	 3.076922	 -5.068588	 -3.026558
 -0.504025	 -0.408672	 -0.166033	 3.143547	 -5.015562	 -3.005142
 -0.500882	 -0.413687	 -0.169038	 3.209333	 -4.962221	 -2.983471
 -0.497673	 -0.418649	 -0.172021	 3.274288	 -4.908573	 -2.961550
 -0.494398	 -0.423558	 -0.174983	 3.338420	 -4.854625	 -2.939382
 -0.491060	 -0.428413	 -0.177922	 3.401736	 -4.800381	 -2.916973
 -0.487658	 -0.433213	 -0.180839	 3.464244	 -4.745848	 -2.894325
 -0.484194	 -0.437959	 -0.183734	 3.525949	 -4.691032	 -2.871443
 -0.480668	 -0.442650	 -0.186605	 3.586860	 -4.635937	 -2.848329
 -0.477081	 -0.447286	 -0.189453	 3.646983	 -4.580570	 -2.824988
 -0.473434	 -0.451866	 -0.192278	 3.706325	 -4.524934	 -2.801423
 -0.469728	 -0.456391	 -0.195080	 3.764892	 -4.469035	 -2.777637
 -0.465963	 -0.460860	 -0.197857	 3.822691	 -4.412877	 -2.753633
 -0.462140	 -0.465273	 -0.200611	 3.879727	 -4.356465	 -2.729414
 -0.458260	 -0.469630	 -0.203341	 3.936007	 -4.299804	 -2.704983
 -0.454324	 -0.473929	 -0.206046	 3.991537	 -4.242896	 -2.680343
 -0.450333	 -0.478172	 -0.208726	 4.046322	 -4.185747	 -2.655497
 -0.446287	 -0.482358	 -0.211381	 4.100369	 -4.128359	 -2.630447
 -0.442186	 -0.486486	 -0.214012	 4.153682	 -4.070737	 -2.605196
 -0.438032	 -0.490557	 -0.216617	 4.206267	 -4.012884	 -2.579745
 -0.433826	 -0.494570	 -0.219197	 4.258129	 -3.954803	 -2.554098
 -0.429568	 -0.498525	 -0.221751	 4.309273	 -3.896498	 -2.528257
 -0.425259	 -0.502421	 -0.224279	 4.359704	 -3.837971	 -2.502224
 -0.420899	 -0.506259	 -0.226781	 4.409427	 -3.779226	 -2.476000
 -0.416490	 -0.510039	 -0.229257	 4.458446	 -3.720266	 -2.449588
 -0.412031	 -0.513759	 -0.231707	 4.506766	 -3.661092	 -2.422991
 -0.407524	 -0.517420	 -0.234130	 4.554391	 -3.601709	 -2.396208
 -0.402970	 -0.521022	 -0.236526	 4.601326	 -3.542117	 -2.369244
 -0.398369	 -0.524564	 -0.238895	 4.647574	 -3.482321	 -2.342098
 -0.393721	 -0.528046	 -0.241237	 4.693140	 -3.422321	 -2.314773
 -0.389028	 -0.531468	 -0.243552	 4.738027	 -3.362120	 -2.287270
 -0.384290	 -0.534831	 -0.245839	 4.782239	 -3.301720	 -2.259591
 -0.379508	 -0.538132	 -0.248099	 4.825779	 -3.241123	 -2.231737
 -0.374682	 -0.541373	 -0.250331	 4.868652	 -3.180331	 -2.203710
 -0.369813	 -0.544554	 -0.252535	 4.910859	 -3.119346	 -2.175510
 -0.364902	 -0.547673	 -0.254710	 4.952405	 -3.058169	 -2.147140
 -0.359950	 -0.550731	 -0.256857	 4.993293	 -2.996802	 -2.118599
 -0.354957	 -0.553728	 -0.258976	 5.033524	 -2.935247	 -2.089891
 -0.349923	 -0.556663	 -0.261066	 5.073103	 -2.873505	 -2.061014
 -0.344850	 -0.559537	 -0.263127	 5.112031	 -2.811577	 -2.031971
 -0.339738	 -0.562348	 -0.265159	 5.150312	 -2.749465	 -2.002762
 -0.334588	 -0.565098	 -0.267161	 5.187947	 -2.687170	 -1.973389
 -0.329400	 -0.567785	 -0.269135	 5.224939	 -2.624693	 -1.943852
 -0.324175	 -0.570410	 -0.271079	 5.261289	 -2.562035	 -1.914151
 -0.318914	 -0.572972	 -0.272993	 5.297001	 -2.499197	 -1.884289
 -0.313617	 -0.575471	 -0.274877	 5.332076	 -2.436181	 -1.854265
 -0.308285	 -0.577907	 -0.276731	 5.366515	 -2.372987	 -1.824079
 -0.302918	 -0.580280	 -0.278555	 5.400320	 -2.309616	 -1.793734
 -0.297518	 -0.582590	 -0.280349	 5.433493	 -2.246068	 -1.763229
 -0.292084	 -0.584836	 -0.282112	 5.466036	 -2.182345	 -1.732565
 -0.286618	 -0.587018	 -0.283845	 5.497948	 -2.118447	 -1.701742
 -0.281120	 -0.589137	 -0.285547	 5.529232	 -2.054376	 -1.670761
 -0.275591	 -0.591191	 -0.287217	 5.559888	 -1.990130	 -1.639622
 -0.270031	 -0.593181	 -0.288857	 5.589918	 -1.925711	 -1.608325
 -0.264441	 -0.595107	 -0.290465	 5.619321	 -1.861120	 -1.576872
 -0.258822	 -0.596968	 -0.292042	 5.648099	 -1.796357	 -1.545262
 -0.253174	 -0.598764	 -0.293588	 5.676252	 -1.731422	 -1.513495
 -0.247498	 -0.600496	 -0.295101	 5.703781	 -1.666316	 -1.481572
 -0.241794	 -0.602162	 -0.296583	 5.730685	 -1.601039	 -1.449493
 -0.236063	 -0.603763	 -0.298032	 5.756966	 -1.535591	 -1.417258
 -0.230306	 -0.605299	 -0.299449	 5.782621	 -1.469973	 -1.384867
 -0.224523	 -0.606769	 -0.300834	 5.807653	 -1.404184	 -1.352320
 -0.218716	 -0.608173	 -0.302187	 5.832060	 -1.338226	 -1.319618
 -0.212884	 -0.609511	 -0.303506	 5.855841	 -1.272097	 -1.286761
 -0.207028	 -0.610783	 -0.304793	 5.878997	 -1.205799	 -1.253748
 -0.201149	 -0.611989	 -0.306047	 5.901527	 -1.139331	 -1.220579
 -0.195247	 -0.613128	 -0.307267	 5.923429	 -1.072694	 -1.187255
 -0.189324	 -0.614201	 -0.308455	 5.944703	 -1.005888	 -1.153775
 -0.183379	 -0.615207	 -0.309608	 5.965348	 -0.938911	 -1.120139
 -0.177414	 -0.616146	 -0.310728	 5.985363	 -0.871766	 -1.086347
 -0.171429	 -0.617018	 -0.311815	 6.004746	 -0.804451	 -1.052400
 -0.165424	 -0.617822	 -0.312867	 6.023495	 -0.736967	 -1.018296
 -0.159400	 -0.618559	 -0.313885	 6.041610	 -0.669313	 -0.984036
 -0.153359	 -0.619228	 -0.314870	 6.059087	 -0.601489	 -0.949619
 -0.147300	 -0.619830	 -0.315819	 6.075927	 -0.533496	 -0.915046
 -0.141224	 -0.620363	 -0.316734	 6.092125	 -0.465334	 -0.880315
 -0.135132	 -0.620829	 -0.317614	 6.107681	 -0.397001	 -0.845427
 -0.129024	 -0.621226	 -0.318460	 6.122591	 -0.328499	 -0.810381
 -0.122901	 -0.621554	 -0.319270	 6.136854	 -0.259827	 -0.775178
 -0.116764	 -0.621814	 -0.320045	 6.150466	 -0.190985	 -0.739816
 -0.110614	 -0.622005	 -0.320785	 6.163425	 -0.121972	 -0.704296
 -0.104451	 -0.622127	 -0.321490	 6.175728	 -0.052790	 -0.668616
 -0.098275	 -0.622180	 -0.322158	 6.187372	 0.016563	 -0.632777
 -0.092087	 -0.622163	 -0.322791	 6.198354	 0.086087	 -0.596779
 -0.085889	 -0.622077	 -0.323388	 6.208669	 0.155781	 -0.560620
 -0.079680	 -0.621921	 -0.323948	 6.218315	 0.225646	 -0.524301
 -0.073462	 -0.621696	 -0.324473	 6.227288	 0.295681	 -0.487820
 -0.067235	 -0.621400	 -0.324961	 6.235584	 0.365888	 -0.451179
 -0.060999	 -0.621034	 -0.325412	 6.243199	 0.436265	 -0.414375
 -0.054756	 -0.620598	 -0.325826	 6.250128	 0.506813	 -0.377409
 -0.048506	 -0.620091	 -0.326203	 6.256368	 0.577532	 -0.340280
 -0.042250	 -0.619513	 -0.326544	 6.261913	 0.648423	 -0.302988
 -0.035988	 -0.618865	 -0.326847	 6.266760	 0.719484	 -0.265531
 -0.029721	 -0.618145	 -0.327112	 6.270902	 0.790716	 -0.227911
 -0.023450	 -0.617355	 -0.327340	 6.274335	 0.862119	 -0.190126
 -0.017176	 -0.616493	 -0.327530	 6.277054	 0.933692	 -0.152175
 -0.010899	 -0.615559	 -0.327682	 6.279052	 1.005437	 -0.114059
 -0.004620	 -0.614554	 -0.327797	 6.280326	 1.077351	 -0.075776
 0.001661	 -0.613476	 -0.327872	 6.280867	 1.149436	 -0.037327
 0.007942	 -0.612327	 -0.327910	 6.280672	 1.221691	 0.001290
 0.014222	 -0.611105	 -0.327908	 6.279732	 1.294116	 0.040074
 0.020502	 -0.609811	 -0.327868	 6.278043	 1.366711	 0.079027
 0.026780	 -0.608444	 -0.327789	 6.275597	 1.439474	 0.118149
 0.033056	 -0.607005	 -0.327671	 6.272387	 1.512406	 0.157440
 0.039328	 -0.605492	 -0.327514	 6.268406	 1.585506	 0.196900
 0.045597	 -0.603907	 -0.327317	 6.263647	 1.658774	 0.236531
 0.051860	 -0.602248	 -0.327080	 6.258102	 1.732208	 0.276333
 0.058118	 -0.600516	 -0.326804	 6.251765	 1.805809	 0.316305
 0.064370	 -0.598710	 -0.326488	 6.244625	 1.879576	 0.356449
 0.070615	 -0.596830	 -0.326131	 6.236677	 1.953507	 0.396765
 0.076851	 -0.594877	 -0.325734	 6.227910	 2.027602	 0.437254
 0.083079	 -0.592849	 -0.325297	 6.218317	 2.101860	 0.477915
 0.089298	 -0.590747	 -0.324819	 6.207888	 2.176279	 0.518749
 0.095505	 -0.588571	 -0.324300	 6.196614	 2.250859	 0.559756
 0.101702	 -0.586320	 -0.323741	 6.184487	 2.325599	 0.600937
 0.107887	 -0.583995	 -0.323140	 6.171495	 2.400496	 0.642292
 0.114058	 -0.581594	 -0.322497	 6.157630	 2.475549	 0.683821
 0.120216	 -0.579119	 -0.321814	 6.142881	 2.550758	 0.725525
 0.126359	 -0.576568	 -0.321088	 6.127237	 2.626119	 0.767403
 0.132486	 -0.573942	 -0.320321	 6.110688	 2.701631	 0.809455
 0.138596	 -0.571240	 -0.319511	 6.093222	 2.777293	 0.851683
 0.144690	 -0.568463	 -0.318660	 6.074829	 2.853101	 0.894084
 0.150765	 -0.565610	 -0.317766	 6.055497	 2.929055	 0.936661
 0.156820	 -0.562681	 -0.316829	 6.035214	 3.005150	 0.979412
 0.162855	 -0.559676	 -0.315849	 6.013967	 3.081385	 1.022338
 0.168869	 -0.556594	 -0.314827	 5.991744	 3.157757	 1.065438
 0.174861	 -0.553436	 -0.313762	 5.968533	 3.234262	 1.108712
 0.180830	 -0.550202	 -0.312653	 5.944319	 3.310899	 1.152160
 0.186774	 -0.546891	 -0.311501	 5.919090	 3.387662	 1.195781
 0.192693	 -0.543504	 -0.310305	 5.892831	 3.464550	 1.239574
 0.198586	 -0.540039	 -0.309065	 5.865529	 3.541557	 1.283540
 0.204451	 -0.536498	 -0.307782	 5.837169	 3.618680	 1.327678
 0.210288	 -0.532879	 -0.306454	 5.807736	 3.695914	 1.371986
 0.216096	 -0.529183	 -0.305082	 5.777215	 3.773256	 1.416465
 0.221873	 -0.525410	 -0.303666	 5.745591	 3.850700	 1.461113
 0.227619	 -0.521559	 -0.302205	 5.712846	 3.928241	 1.505928
 0.233332	 -0.517631	 -0.300699	 5.678965	 4.005874	 1.550911
 0.239011	 -0.513625	 -0.299148	 5.643932	 4.083593	 1.596059
 0.244655	 -0.509541	 -0.297552	 5.607729	 4.161392	 1.641371
 0.250262	 -0.505380	 -0.295910	 5.570338	 4.239265	 1.686846
 0.255833	 -0.501141	 -0.294224	 5.531743	 4.317205	 1.732481
 0.261365	 -0.496823	 -0.292491	 5.491923	 4.395205	 1.778276
 0.266856	 -0.492428	 -0.290713	 5.450862	 4.473259	 1.824228
 0.272307	 -0.487955	 -0.288889	 5.408539	 4.551357	 1.870334
 0.277716	 -0.483404	 -0.287018	 5.364935	 4.629492	 1.916593
 0.283081	 -0.478774	 -0.285102	 5.320031	 4.707654	 1.963002
 0.288401	 -0.474066	 -0.283139	 5.273805	 4.785836	 2.009558
 0.293675	 -0.469281	 -0.281129	 5.226237	 4.864027	 2.056258
 0.298901	 -0.464417	 -0.279073	 5.177305	 4.942218	 2.103099
 0.304078	 -0.459474	 -0.276970	 5.126989	 5.020397	 2.150077
 0.309205	 -0.454454	 -0.274820	 5.075265	 5.098554	 2.197190
 0.314280	 -0.449355	 -0.272622	 5.022111	 5.176676	 2.244433
 0.319303	 -0.444179	 -0.270378	 4.967505	 5.254752	 2.291801
 0.324270	 -0.438924	 -0.268086	 4.911422	 5.332769	 2.339291
 0.329181	 -0.433591	 -0.265747	 4.853839	 5.410712	 2.386897
 0.334035	 -0.428180	 -0.263360	 4.794730	 5.488568	 2.434615
 0.338830	 -0.422692	 -0.260925	 4.734072	 5.566322	 2.482439
 0.343564	 -0.417126	 -0.258443	 4.671839	 5.643958	 2.530363
 0.348236	 -0.411482	 -0.255913	 4.608005	 5.721460	 2.578382
 0.352844	 -0.405760	 -0.253334	 4.542544	 5.798810	 2.626488
 0.357387	 -0.399961	 -0.250708	 4.475429	 5.875990	 2.674675
 0.361862	 -0.394085	 -0.248033	 4.406633	 5.952982	 2.722936
 0.366269	 -0.388132	 -0.245310	 4.336128	 6.029765	 2.771262
 0.370605	 -0.382103	 -0.242539	 4.263887	 6.106319	 2.819646
 0.374869	 -0.375996	 -0.239719	 4.189880	 6.182621	 2.868079
 0.379058	 -0.369814	 -0.236851	 4.114080	 6.258650	 2.916552
 0.383173	 -0.363555	 -0.233935	 4.036456	 6.334381	 2.965054
 0.387209	 -0.357221	 -0.230970	 3.956979	 6.409788	 3.013576
 0.391166	 -0.350811	 -0.227956	 3.875620	 6.484847	 3.062107
 0.395042	 -0.344326	 -0.224894	 3.792347	 6.559529	 3.110635
 0.398834	 -0.337767	 -0.221783	 3.707130	 6.633806	 3.159149
 0.402541	 -0.331133	 -0.218624	 3.619938	 6.707647	 3.207634
 0.406161	 -0.324425	 -0.215416	 3.530739	 6.781022	 3.256079
 0.409692	 -0.317644	 -0.212160	 3.439503	 6.853898	 3.304468
 0.413131	 -0.310790	 -0.208856	 3.346197	 6.926241	 3.352787
 0.416477	 -0.303864	 -0.205503	 3.250789	 6.998014	 3.401020
 0.419728	 -0.296866	 -0.202102	 3.153248	 7.069180	 3.449150
 0.422881	 -0.289797	 -0.198653	 3.053541	 7.139702	 3.497159
 0.425935	 -0.282657	 -0.195156	 2.951635	 7.209536	 3.545031
 0.428887	 -0.275447	 -0.191611	 2.847499	 7.278643	 3.592744
 0.431734	 -0.268169	 -0.188018	 2.741101	 7.346976	 3.640279
 0.434475	 -0.260822	 -0.184378	 2.632407	 7.414490	 3.687614
 0.437108	 -0.253407	 -0.180690	 2.521388	 7.481137	 3.734727
 0.439629	 -0.245926	 -0.176955	 2.408010	 7.546866	 3.781595
 0.442037	 -0.238379	 -0.173174	 2.292242	 7.611626	 3.828193
 0.444329	 -0.230768	 -0.169346	 2.174055	 7.675361	 3.874494
 0.446503	 -0.223092	 -0.165471	 2.053417	 7.738016	 3.920473
 0.448557	 -0.215354	 -0.161551	 1.930299	 7.799531	 3.966099
 0.450487	 -0.207555	 -0.157585	 1.804672	 7.859845	 4.011345
 0.452292	 -0.199695	 -0.153573	 1.676508	 7.918895	 4.056177
 0.453968	 -0.191776	 -0.149517	 1.545781	 7.976613	 4.100565
 0.455514	 -0.183799	 -0.145416	 1.412463	 8.032932	 4.144474
 0.456927	 -0.175767	 -0.141272	 1.276532	 8.087781	 4.187868
 0.458203	 -0.167679	 -0.137084	 1.137963	 8.141084	 4.230711
 0.459341	 -0.159538	 -0.132853	 0.996735	 8.192766	 4.272963
 0.460338	 -0.151345	 -0.128580	 0.852829	 8.242747	 4.314584
 0.461191	 -0.143102	 -0.124266	 0.706227	 8.290946	 4.355533
 0.461897	 -0.134811	 -0.119910	 0.556913	 8.337276	 4.395765
 0.462454	 -0.126474	 -0.115515	 0.404875	 8.381650	 4.435234
 0.462859	 -0.118092	 -0.111079	 0.250103	 8.423978	 4.473895
 0.463109	 -0.109668	 -0.106605	 0.092588	 8.464166	 4.511696
 0.463201	 -0.101204	 -0.102094	 -0.067674	 8.502117	 4.548587
 0.463134	 -0.092702	 -0.097545	 -0.230682	 8.537733	 4.584516
 0.462903	 -0.084164	 -0.092961	 -0.396436	 8.570911	 4.619427
 0.462506	 -0.075593	 -0.088341	 -0.564926	 8.601545	 4.653263
 0.461942	 -0.066992	 -0.083688	 -0.736143	 8.629529	 4.685966
 0.461205	 -0.058362	 -0.079002	 -0.910071	 8.654753	 4.717476
 0.460295	 -0.049708	 -0.074284	 -1.086687	 8.677102	 4.747730
 0.459209	 -0.041030	 -0.069537	 -1.265968	 8.696463	 4.776663
 0.457943	 -0.032334	 -0.064760	 -1.447880	 8.712717	 4.804209
 0.456495	 -0.023621	 -0.059956	 -1.632385	 8.725744	 4.830301
 0.454862	 -0.014895	 -0.055126	 -1.819440	 8.735423	 4.854869
 0.453043	 -0.006160	 -0.050271	 -2.008993	 8.741631	 4.877841
 0.451034	 0.002582	 -0.045393	 -2.200986	 8.744241	 4.899145
 0.448833	 0.011326	 -0.040494	 -2.395352	 8.743129	 4.918706
 0.446438	 0.020069	 -0.035575	 -2.592020	 8.738166	 4.936450
 0.443846	 0.028807	 -0.030639	 -2.790905	 8.729225	 4.952298
 0.441055	 0.037536	 -0.025686	 -2.991917	 8.716179	 4.966174
 0.438063	 0.046252	 -0.020720	 -3.194957	 8.698899	 4.977998
 0.434868	 0.054951	 -0.015742	 -3.399915	 8.677259	 4.987693
 0.431468	 0.063629	 -0.010754	 -3.606672	 8.651132	 4.995177
 0.427861	 0.072280	 -0.005759	 -3.815099	 8.620396	 5.000372
 0.424046	 0.080900	 -0.000759	 -4.025056	 8.584927	 5.003199
 0.420021	 0.089485	 0.004244	 -4.236395	 8.544607	 5.003577
 0.415785	 0.098030	 0.009248	 -4.448953	 8.499322	 5.001429
 0.411336	 0.106529	 0.014249	 -4.662560	 8.448960	 4.996678
 0.406673	 0.114978	 0.019246	 -4.877034	 8.393415	 4.989248
 0.401796	 0.123371	 0.024235	 -5.092179	 8.332587	 4.979066
 0.396704	 0.131704	 0.029214	 -5.307794	 8.266383	 4.966061
 0.391396	 0.139970	 0.034180	 -5.523660	 8.194716	 4.950164
 0.385873	 0.148165	 0.039131	 -5.739554	 8.117509	 4.931310
 0.380133	 0.156283	 0.044062	 -5.955237	 8.034692	 4.909438
 0.374178	 0.164317	 0.048971	 -6.170464	 7.946206	 4.884491
 0.368007	 0.172264	 0.053856	 -6.384979	 7.852004	 4.856415
 0.361622	 0.180116	 0.058712	 -6.598515	 7.752048	 4.825166
 0.355024	 0.187868	 0.063537	 -6.810799	 7.646314	 4.790700
 0.348213	 0.195514	 0.068328	 -7.021549	 7.534792	 4.752982
 0.341191	 0.203049	 0.073081	 -7.230478	 7.417483	 4.711985
 0.333961	 0.210466	 0.077793	 -7.437291	 7.294405	 4.667687
 0.326524	 0.217761	 0.082461	 -7.641689	 7.165591	 4.620075
 0.318882	 0.224926	 0.087081	 -7.843368	 7.031090	 4.569142
 0.311039	 0.231957	 0.091650	 -8.042025	 6.890966	 4.514893
 0.302997	 0.238848	 0.096165	 -8.237353	 6.745300	 4.457338
 0.294759	 0.245594	 0.100622	 -8.429045	 6.594191	 4.396499
 0.286330	 0.252188	 0.105019	 -8.616798	 6.437755	 4.332405
 0.277713	 0.258625	 0.109351	 -8.800311	 6.276125	 4.265097
 0.268913	 0.264902	 0.113616	 -8.979289	 6.109449	 4.194624
 0.259934	 0.271011	 0.117811	 -9.153441	 5.937895	 4.121044
 0.250780	 0.276949	 0.121932	 -9.322486	 5.761646	 4.044427
 0.241458	 0.282711	 0.125976	 -9.486153	 5.580900	 3.964851
 0.231972	 0.288291	 0.129941	 -9.644181	 5.395873	 3.882402
 0.222328	 0.293687	 0.133824	 -9.796323	 5.206793	 3.797179
 0.212531	 0.298894	 0.137621	 -9.942344	 5.013904	 3.709285
 0.202589	 0.303908	 0.141330	 -10.082027	 4.817460	 3.618836
 0.192507	 0.308726	 0.144949	 -10.215171	 4.617728	 3.525953
 0.182292	 0.313343	 0.148475	 -10.341591	 4.414986	 3.430764
 0.171950	 0.317758	 0.151906	 -10.461124	 4.209520	 3.333405
 0.161489	 0.321968	 0.155239	 -10.573624	 4.001623	 3.234020
 0.150915	 0.325969	 0.158473	 -10.678968	 3.791595	 3.132753
 0.140236	 0.329761	 0.161606	 -10.777051	 3.579740	 3.029758
 0.129459	 0.333341	 0.164636	 -10.867792	 3.366366	 2.925189
 0.118592	 0.336707	 0.167561	 -10.951131	 3.151780	 2.819206
 0.107640	 0.339859	 0.170380	 -11.027028	 2.936291	 2.711969
 0.096613	 0.342795	 0.173092	 -11.095467	 2.720206	 2.603640
 0.085518	 0.345515	 0.175696	 -11.156451	 2.503828	 2.494382
 0.074361	 0.348019	 0.178190	 -11.210004	 2.287456	 2.384356
 0.063151	 0.350307	 0.180574	 -11.256173	 2.071384	 2.273725
 0.051895	 0.352378	 0.182848	 -11.295019	 1.855897	 2.162647
 0.040600	 0.354234	 0.185011	 -11.326627	 1.641273	 2.051279
 0.029274	 0.355875	 0.187062	 -11.351097	 1.427780	 1.939775
 0.017922	 0.357303	 0.189002	 -11.368544	 1.215674	 1.828284
 0.006554	 0.358519	 0.190830	 -11.379101	 1.005204	 1.716952
 -0.004825	 0.359524	 0.192547	 -11.382915	 0.796602	 1.605919
 -0.016208	 0.360320	 0.194153	 -11.380143	 0.590091	 1.495319
 -0.027588	 0.360911	 0.195648	 -11.370957	 0.385880	 1.385284
 -0.038959	 0.361296	 0.197033	 -11.355538	 0.184164	 1.275934
 -0.050315	 0.361481	 0.198309	 -11.334075	 -0.014876	 1.167387
 -0.061649	 0.361466	 0.199477	 -11.306767	 -0.211072	 1.059754
 -0.072956	 0.361255	 0.200537	 -11.273816	 -0.404269	 0.953137
 -0.084229	 0.360850	 0.201490	 -11.235434	 -0.594328	 0.847633
 -0.095465	 0.360256	 0.202337	 -11.191833	 -0.781122	 0.743332
 -0.106657	 0.359475	 0.203081	 -11.143229	 -0.964539	 0.640316
 -0.117800	 0.358510	 0.203721	 -11.089841	 -1.144477	 0.538662
 -0.128890	 0.357366	 0.204260	 -11.031888	 -1.320851	 0.438439
 -0.139922	 0.356045	 0.204698	 -10.969588	 -1.493586	 0.339709
 -0.150891	 0.354551	 0.205038	 -10.903160	 -1.662618	 0.242529
 -0.161794	 0.352889	 0.205280	 -10.832821	 -1.827897	 0.146948
 -0.172627	 0.351061	 0.205427	 -10.758782	 -1.989381	 0.053010
 -0.183386	 0.349072	 0.205480	 -10.681256	 -2.147041	 -0.039246
 -0.194067	 0.346925	 0.205441	 -10.600449	 -2.300855	 -0.129789
 -0.204668	 0.344624	 0.205311	 -10.516564	 -2.450814	 -0.218591
 -0.215184	 0.342173	 0.205093	 -10.429797	 -2.596912	 -0.305630
 -0.225614	 0.339576	 0.204787	 -10.340343	 -2.739157	 -0.390889
 -0.235954	 0.336837	 0.204396	 -10.248388	 -2.877561	 -0.474356
 -0.246203	 0.333959	 0.203922	 -10.154114	 -3.012142	 -0.556021
 -0.256357	 0.330947	 0.203366	 -10.057696	 -3.142927	 -0.635881
 -0.266415	 0.327804	 0.202730	 -9.959304	 -3.269947	 -0.713934
 -0.276374	 0.324534	 0.202016	 -9.859102	 -3.393239	 -0.790184
 -0.286233	 0.321141	 0.201226	 -9.757246	 -3.512844	 -0.864635
 -0.295990	 0.317628	 0.200361	 -9.653888	 -3.628807	 -0.937297
 -0.305644	 0.313999	 0.199424	 -9.549172	 -3.741178	 -1.008182
 -0.315193	 0.310258	 0.198416	 -9.443237	 -3.850010	 -1.077301
 -0.324637	 0.306408	 0.197338	 -9.336214	 -3.955357	 -1.144673
 -0.333973	 0.302453	 0.196194	 -9.228229	 -4.057278	 -1.210314
 -0.343201	 0.298395	 0.194983	 -9.119403	 -4.155833	 -1.274244
 -0.352320	 0.294240	 0.193709	 -9.009849	 -4.251084	 -1.336485
 -0.361330	 0.289989	 0.192373	 -8.899676	 -4.343095	 -1.397059
 -0.370230	 0.285645	 0.190976	 -8.788986	 -4.431931	 -1.455991
 -0.379019	 0.281214	 0.189520	 -8.677876	 -4.517656	 -1.513305
 -0.387697	 0.276696	 0.188006	 -8.566439	 -4.600337	 -1.569026
 -0.396263	 0.272096	 0.186437	 -8.454759	 -4.680042	 -1.623183
 -0.404718	 0.267416	 0.184814	 -8.342921	 -4.756836	 -1.675802
 -0.413061	 0.262659	 0.183138	 -8.230999	 -4.830788	 -1.726911
 -0.421292	 0.257828	 0.181411	 -8.119067	 -4.901964	 -1.776538
 -0.429411	 0.252926	 0.179635	 -8.007192	 -4.970430	 -1.824712
 -0.437418	 0.247955	 0.177810	 -7.895438	 -5.036254	 -1.871462
 -0.445314	 0.242919	 0.175939	 -7.783865	 -5.099501	 -1.916817
 -0.453097	 0.237820	 0.174022	 -7.672527	 -5.160236	 -1.960805
 -0.460770	 0.232659	 0.172061	 -7.561478	 -5.218523	 -2.003456
 -0.468331	 0.227441	 0.170058	 -7.450765	 -5.274426	 -2.044798
 -0.475782	 0.222167	 0.168013	 -7.340434	 -5.328007	 -2.084861
 -0.483123	 0.216839	 0.165928	 -7.230525	 -5.379329	 -2.123673
 -0.490353	 0.211459	 0.163804	 -7.121079	 -5.428451	 -2.161262
 -0.497474	 0.206031	 0.161643	 -7.012132	 -5.475434	 -2.197656
 -0.504486	 0.200555	 0.159445	 -6.903715	 -5.520335	 -2.232884
 -0.511390	 0.195035	 0.157212	 -6.795860	 -5.563212	 -2.266972
 -0.518186	 0.189472	 0.154945	 -6.688594	 -5.604121	 -2.299948
 -0.524875	 0.183868	 0.152645	 -6.581945	 -5.643117	 -2.331837
 -0.531456	 0.178225	 0.150314	 -6.475934	 -5.680253	 -2.362668
 -0.537932	 0.172544	 0.147951	 -6.370584	 -5.715582	 -2.392464
 -0.544303	 0.166829	 0.145559	 -6.265915	 -5.749155	 -2.421252
 -0.550569	 0.161080	 0.143137	 -6.161943	 -5.781023	 -2.449056
 -0.556731	 0.155299	 0.140688	 -6.058685	 -5.811233	 -2.475902
 -0.562790	 0.149487	 0.138212	 -5.956155	 -5.839833	 -2.501811
 -0.568746	 0.143647	 0.135710	 -5.854366	 -5.866871	 -2.526809
 -0.574600	 0.137781	 0.133184	 -5.753329	 -5.892389	 -2.550918
 -0.580353	 0.131888	 0.130633	 -5.653054	 -5.916434	 -2.574160
 -0.586006	 0.125972	 0.128059	 -5.553550	 -5.939046	 -2.596558
 -0.591560	 0.120033	 0.125462	 -5.454825	 -5.960269	 -2.618132
 -0.597015	 0.114072	 0.122844	 -5.356884	 -5.980142	 -2.638904
 -0.602372	 0.108092	 0.120205	 -5.259733	 -5.998705	 -2.658894
 -0.607631	 0.102094	 0.117546	 -5.163377	 -6.015995	 -2.678122
 -0.612795	 0.096078	 0.114868	 -5.067819	 -6.032051	 -2.696608
 -0.617863	 0.090046	 0.112171	 -4.973061	 -6.046908	 -2.714370
 -0.622836	 0.083999	 0.109457	 -4.879105	 -6.060601	 -2.731427
 -0.627715	 0.077938	 0.106726	 -4.785953	 -6.073164	 -2.747798
 -0.632501	 0.071865	 0.103978	 -4.693605	 -6.084630	 -2.763499
 -0.637194	 0.065780	 0.101214	 -4.602059	 -6.095031	 -2.778549
 -0.641796	 0.059685	 0.098436	 -4.511317	 -6.104399	 -2.792962
 -0.646308	 0.053581	 0.095643	 -4.421375	 -6.112763	 -2.806757
 -0.650729	 0.047468	 0.092836	 -4.332233	 -6.120153	 -2.819949
 -0.655061	 0.041348	 0.090016	 -4.243887	 -6.126598	 -2.832553
 -0.659305	 0.035221	 0.087184	 -4.156336	 -6.132124	 -2.844584
 -0.663462	 0.029089	 0.084339	 -4.069575	 -6.136759	 -2.856057
 -0.667531	 0.022952	 0.081483	 -3.983600	 -6.140528	 -2.866985
 -0.671515	 0.016812	 0.078616	 -3.898409	 -6.143458	 -2.877384
 -0.675413	 0.010668	 0.075738	 -3.813997	 -6.145571	 -2.887267
 -0.679227	 0.004523	 0.072851	 -3.730359	 -6.146892	 -2.896646
 -0.682958	 -0.001624	 0.069955	 -3.647490	 -6.147444	 -2.905534
 -0.686605	 -0.007771	 0.067049	 -3.565386	 -6.147249	 -2.913944
 -0.690170	 -0.013919	 0.064135	 -3.484040	 -6.146328	 -2.921887
 -0.693654	 -0.020065	 0.061213	 -3.403448	 -6.144703	 -2.929376
 -0.697058	 -0.026210	 0.058284	 -3.323604	 -6.142393	 -2.936423
 -0.700381	 -0.032352	 0.055347	 -3.244502	 -6.139419	 -2.943037
 -0.703626	 -0.038492	 0.052404	 -3.166135	 -6.135799	 -2.949229
 -0.706792	 -0.044627	 0.049455	 -3.088499	 -6.131552	 -2.955012
 -0.709881	 -0.050759	 0.046500	 -3.011586	 -6.126695	 -2.960393
 -0.712892	 -0.056886	 0.043540	 -2.935391	 -6.121247	 -2.965384
 -0.715828	 -0.063007	 0.040574	 -2.859906	 -6.115224	 -2.969995
 -0.718688	 -0.069122	 0.037604	 -2.785127	 -6.108642	 -2.974233
 -0.721473	 -0.075231	 0.034630	 -2.711045	 -6.101517	 -2.978110
 -0.724184	 -0.081332	 0.031652	 -2.637654	 -6.093864	 -2.981632
 -0.726821	 -0.087426	 0.028670	 -2.564948	 -6.085698	 -2.984810
 -0.729386	 -0.093512	 0.025686	 -2.492921	 -6.077035	 -2.987651
 -0.731879	 -0.099589	 0.022698	 -2.421564	 -6.067886	 -2.990164
 -0.734301	 -0.105657	 0.019708	 -2.350873	 -6.058267	 -2.992356
 -0.736652	 -0.111715	 0.016715	 -2.280839	 -6.048190	 -2.994236
 -0.738932	 -0.117763	 0.013721	 -2.211456	 -6.037668	 -2.995810
 -0.741144	 -0.123801	 0.010725	 -2.142719	 -6.026713	 -2.997087
 -0.743287	 -0.129828	 0.007728	 -2.074619	 -6.015338	 -2.998072
 -0.745361	 -0.135843	 0.004730	 -2.007150	 -6.003553	 -2.998774
 -0.747368	 -0.141846	 0.001731	 -1.940305	 -5.991371	 -2.999198
 -0.749309	 -0.147838	 -0.001268	 -1.874079	 -5.978801	 -2.999351
 -0.751183	 -0.153817	 -0.004267	 -1.808463	 -5.965856	 -2.999240
 -0.752991	 -0.159782	 -0.007266	 -1.743452	 -5.952544	 -2.998871
 -0.754735	 -0.165735	 -0.010265	 -1.679039	 -5.938875	 -2.998250
 -0.756414	 -0.171674	 -0.013263	 -1.615218	 -5.924861	 -2.997382
 -0.758029	 -0.177599	 -0.016261	 -1.551982	 -5.910509	 -2.996273
 -0.759581	 -0.183509	 -0.019257	 -1.489324	 -5.895829	 -2.994929
 -0.761070	 -0.189405	 -0.022252	 -1.427239	 -5.880829	 -2.993355
 -0.762498	 -0.195286	 -0.025245	 -1.365720	 -5.865519	 -2.991556
 -0.763863	 -0.201151	 -0.028237	 -1.304760	 -5.849907	 -2.989538
 -0.765168	 -0.207001	 -0.031227	 -1.244354	 -5.834000	 -2.987305
 -0.766412	 -0.212835	 -0.034214	 -1.184495	 -5.817806	 -2.984862
 -0.767597	 -0.218653	 -0.037199	 -1.125177	 -5.801333	 -2.982214
 -0.768722	 -0.224454	 -0.040181	 -1.066395	 -5.784589	 -2.979365
 -0.769788	 -0.230239	 -0.043160	 -1.008141	 -5.767579	 -2.976320
 -0.770797	 -0.236007	 -0.046137	 -0.950411	 -5.750313	 -2.973083
 -0.771747	 -0.241757	 -0.049110	 -0.893197	 -5.732795	 -2.969659
 -0.772640	 -0.247490	 -0.052079	 -0.836496	 -5.715033	 -2.966051
 -0.773477	 -0.253205	 -0.055045	 -0.780300	 -5.697032	 -2.962263
 -0.774257	 -0.258902	 -0.058008	 -0.724604	 -5.678800	 -2.958299
 -0.774982	 -0.264581	 -0.060966	 -0.669403	 -5.660341	 -2.954163
 -0.775651	 -0.270241	 -0.063920	 -0.614691	 -5.641662	 -2.949859
 -0.776266	 -0.275883	 -0.066870	 -0.560462	 -5.622768	 -2.945390
 -0.776826	 -0.281505	 -0.069815	 -0.506711	 -5.603665	 -2.940760
 -0.777333	 -0.287109	 -0.072756	 -0.453432	 -5.584358	 -2.935972
 -0.777786	 -0.292693	 -0.075692	 -0.400621	 -5.564852	 -2.931029
 -0.778187	 -0.298258	 -0.078623	 -0.348272	 -5.545153	 -2.925934
 -0.778535	 -0.303803	 -0.081549	 -0.296380	 -5.525264	 -2.920692
 -0.778832	 -0.309329	 -0.084470	 -0.244940	 -5.505191	 -2.915303
 -0.779076	 -0.314834	 -0.087385	 -0.193946	 -5.484938	 -2.909773
 -0.779270	 -0.320319	 -0.090295	 -0.143395	 -5.464509	 -2.904103
 -0.779414	 -0.325783	 -0.093199	 -0.093280	 -5.443909	 -2.898296
 -0.779507	 -0.331227	 -0.096097	 -0.043597	 -5.423143	 -2.892355
 -0.779551	 -0.336650	 -0.098990	 0.005658	 -5.402213	 -2.886283
 -0.779545	 -0.342053	 -0.101876	 0.054491	 -5.381125	 -2.880082
 -0.779491	 -0.347434	 -0.104756	 0.102906	 -5.359881	 -2.873755
 -0.779388	 -0.352794	 -0.107630	 0.150907	 -5.338486	 -2.867304
 -0.779237	 -0.358132	 -0.110497	 0.198500	 -5.316943	 -2.860731
 -0.779038	 -0.363449	 -0.113358	 0.245689	 -5.295255	 -2.854040
 -0.778793	 -0.368744	 -0.116212	 0.292477	 -5.273427	 -2.847232
 -0.778500	 -0.374018	 -0.119059	 0.338870	 -5.251460	 -2.840309
 -0.778161	 -0.379269	 -0.121899	 0.384872	 -5.229360	 -2.833274
 -0.777776	 -0.384499	 -0.124733	 0.430487	 -5.207127	 -2.826128
 -0.777346	 -0.389706	 -0.127559	 0.475719	 -5.184767	 -2.818874
 -0.776870	 -0.394890	 -0.130378	 0.520572	 -5.162281	 -2.811514
 -0.776350	 -0.400053	 -0.133189	 0.565050	 -5.139672	 -2.804050
 -0.775784	 -0.405192	 -0.135993	 0.609158	 -5.116943	 -2.796483
 -0.775175	 -0.410309	 -0.138790	 0.652898	 -5.094097	 -2.788815
 -0.774522	 -0.415403	 -0.141578	 0.696276	 -5.071137	 -2.781049
 -0.773826	 -0.420475	 -0.144359	 0.739295	 -5.048064	 -2.773185
 -0.773087	 -0.425523	 -0.147133	 0.781959	 -5.024882	 -2.765226
 -0.772305	 -0.430548	 -0.149898	 0.824271	 -5.001593	 -2.757173
 -0.771481	 -0.435549	 -0.152655	 0.866235	 -4.978198	 -2.749028
 -0.770614	 -0.440527	 -0.155404	 0.907855	 -4.954701	 -2.740793
 -0.769707	 -0.445482	 -0.158145	 0.949134	 -4.931104	 -2.732468
 -0.768757	 -0.450413	 -0.160877	 0.990076	 -4.907408	 -2.724056
 -0.767767	 -0.455321	 -0.163601	 1.030685	 -4.883615	 -2.715558
 -0.766737	 -0.460204	 -0.166317	 1.070963	 -4.859729	 -2.706975
 -0.765666	 -0.465064	 -0.169024	 1.110914	 -4.835750	 -2.698309
 -0.764555	 -0.469900	 -0.171722	 1.150541	 -4.811680	 -2.689562
 -0.763404	 -0.474711	 -0.174412	 1.189848	 -4.787522	 -2.680733
 -0.762214	 -0.479499	 -0.177093	 1.228838	 -4.763277	 -2.671825
 -0.760986	 -0.484262	 -0.179764	 1.267514	 -4.738946	 -2.662839
 -0.759718	 -0.489001	 -0.182427	 1.305879	 -4.714532	 -2.653776
 -0.758412	 -0.493716	 -0.185081	 1.343936	 -4.690036	 -2.644638
 -0.757068	 -0.498406	 -0.187726	 1.381688	 -4.665460	 -2.635425
 -0.755687	 -0.503071	 -0.190361	 1.419139	 -4.640805	 -2.626139
 -0.754267	 -0.507712	 -0.192987	 1.456291	 -4.616072	 -2.616780
 -0.752811	 -0.512328	 -0.195604	 1.493147	 -4.591264	 -2.607350
 -0.751318	 -0.516919	 -0.198211	 1.529710	 -4.566381	 -2.597850
 -0.749788	 -0.521486	 -0.200809	 1.565982	 -4.541425	 -2.588280
 -0.748222	 -0.526027	 -0.203397	 1.601967	 -4.516397	 -2.578643
 -0.746620	 -0.530543	 -0.205976	 1.637667	 -4.491298	 -2.568938
 -0.744983	 -0.535035	 -0.208545	 1.673086	 -4.466130	 -2.559167
 -0.743310	 -0.539501	 -0.211104	 1.708225	 -4.440894	 -2.549330
 -0.741601	 -0.543942	 -0.213654	 1.743087	 -4.415591	 -2.539429
 -0.739858	 -0.548357	 -0.216193	 1.777674	 -4.390222	 -2.529465
 -0.738081	 -0.552748	 -0.218722	 1.811990	 -4.364788	 -2.519437
 -0.736269	 -0.557112	 -0.221242	 1.846037	 -4.339290	 -2.509348
 -0.734423	 -0.561452	 -0.223751	 1.879817	 -4.313730	 -2.499197
 -0.732543	 -0.565765	 -0.226250	 1.913333	 -4.288108	 -2.488986
 -0.730629	 -0.570053	 -0.228739	 1.946587	 -4.262425	 -2.478716
 -0.728683	 -0.574316	 -0.231218	 1.979581	 -4.236682	 -2.468386
 -0.726703	 -0.578553	 -0.233687	 2.012318	 -4.210880	 -2.457998
 -0.724691	 -0.582763	 -0.236145	 2.044800	 -4.185020	 -2.447553
 -0.722646	 -0.586948	 -0.238592	 2.077030	 -4.159103	 -2.437051
 -0.720569	 -0.591108	 -0.241029	 2.109008	 -4.133129	 -2.426493
 -0.718460	 -0.595241	 -0.243456	 2.140739	 -4.107100	 -2.415879
 -0.716319	 -0.599348	 -0.245871	 2.172223	 -4.081015	 -2.405210
 -0.714147	 -0.603429	 -0.248277	 2.203462	 -4.054877	 -2.394487
 -0.711944	 -0.607484	 -0.250671	 2.234460	 -4.028684	 -2.383711
 -0.709709	 -0.611512	 -0.253055	 2.265218	 -4.002440	 -2.372881
 -0.707444	 -0.615515	 -0.255428	 2.295738	 -3.976142	 -2.361999
 -0.705148	 -0.619491	 -0.257790	 2.326022	 -3.949794	 -2.351065
 -0.702822	 -0.623441	 -0.260141	 2.356072	 -3.923394	 -2.340079
 -0.700466	 -0.627364	 -0.262481	 2.385889	 -3.896944	 -2.329042
 -0.698080	 -0.631261	 -0.264810	 2.415477	 -3.870445	 -2.317955
 -0.695665	 -0.635132	 -0.267128	 2.444836	 -3.843896	 -2.306818
 -0.693220	 -0.638975	 -0.269435	 2.473968	 -3.817299	 -2.295632
 -0.690746	 -0.642793	 -0.271730	 2.502876	 -3.790653	 -2.284396
 -0.688243	 -0.646583	 -0.274015	 2.531561	 -3.763959	 -2.273112
 -0.685712	 -0.650347	 -0.276288	 2.560024	 -3.737219	 -2.261780
 -0.683151	 -0.654085	 -0.278550	 2.588268	 -3.710431	 -2.250399
 -0.680563	 -0.657795	 -0.280800	 2.616295	 -3.683598	 -2.238972
 -0.677947	 -0.661479	 -0.283039	 2.644105	 -3.656718	 -2.227498
 -0.675303	 -0.665135	 -0.285267	 2.671700	 -3.629793	 -2.215977
 -0.672631	 -0.668765	 -0.287482	 2.699083	 -3.602823	 -2.204409
 -0.669932	 -0.672368	 -0.289687	 2.726254	 -3.575807	 -2.192796
 -0.667206	 -0.675944	 -0.291880	 2.753216	 -3.548748	 -2.181138
 -0.664453	 -0.679492	 -0.294061	 2.779969	 -3.521644	 -2.169434
 -0.661673	 -0.683014	 -0.296230	 2.806516	 -3.494497	 -2.157686
 -0.658866	 -0.686509	 -0.298388	 2.832857	 -3.467306	 -2.145893
 -0.656033	 -0.689976	 -0.300534	 2.858995	 -3.440071	 -2.134055
 -0.653174	 -0.693416	 -0.302668	 2.884930	 -3.412794	 -2.122174
 -0.650289	 -0.696829	 -0.304790	 2.910664	 -3.385474	 -2.110249
 -0.647379	 -0.700214	 -0.306900	 2.936199	 -3.358112	 -2.098281
 -0.644442	 -0.703572	 -0.308999	 2.961536	 -3.330707	 -2.086270
 -0.641481	 -0.706903	 -0.311085	 2.986676	 -3.303261	 -2.074216
 -0.638494	 -0.710206	 -0.313159	 3.011620	 -3.275772	 -2.062119
 -0.635483	 -0.713482	 -0.315221	 3.036370	 -3.248242	 -2.049980
 -0.632446	 -0.716730	 -0.317271	 3.060928	 -3.220671	 -2.037799
 -0.629385	 -0.719951	 -0.319309	 3.085293	 -3.193058	 -2.025576
 -0.626300	 -0.723144	 -0.321335	 3.109469	 -3.165404	 -2.013311
 -0.623191	 -0.726310	 -0.323348	 3.133455	 -3.137709	 -2.001004
 -0.620057	 -0.729447	 -0.325349	 3.157252	 -3.109974	 -1.988656
 -0.616900	 -0.732557	 -0.327338	 3.180863	 -3.082197	 -1.976268
 -0.613719	 -0.735639	 -0.329314	 3.204289	 -3.054380	 -1.963838
 -0.610515	 -0.738694	 -0.331278	 3.227530	 -3.026522	 -1.951367
 -0.607287	 -0.741720	 -0.333229	 3.250587	 -2.998624	 -1.938856
 -0.604037	 -0.744719	 -0.335168	 3.273462	 -2.970686	 -1.926304
 -0.600763	 -0.747690	 -0.337094	 3.296155	 -2.942707	 -1.913712
 -0.597467	 -0.750632	 -0.339008	 3.318668	 -2.914687	 -1.901079
 -0.594148	 -0.753547	 -0.340909	 3.341002	 -2.886628	 -1.888407
 -0.590807	 -0.756434	 -0.342797	 3.363158	 -2.858528	 -1.875694
 -0.587444	 -0.759292	 -0.344673	 3.385136	 -2.830389	 -1.862942
 -0.584059	 -0.762123	 -0.346536	 3.406938	 -2.802209	 -1.850150
 -0.580652	 -0.764925	 -0.348386	 3.428565	 -2.773989	 -1.837319
 -0.577223	 -0.767699	 -0.350223	 3.450017	 -2.745728	 -1.824447
 -0.573773	 -0.770444	 -0.352048	 3.471296	 -2.717428	 -1.811537
 -0.570302	 -0.773162	 -0.353859	 3.492402	 -2.689087	 -1.798587
 -0.566810	 -0.775851	 -0.355658	 3.513337	 -2.660706	 -1.785597
 -0.563296	 -0.778512	 -0.357444	 3.534100	 -2.632285	 -1.772569
 -0.559762	 -0.781144	 -0.359216	 3.554694	 -2.603824	 -1.759501
 -0.556208	 -0.783748	 -0.360976	 3.575118	 -2.575322	 -1.746394
 -0.552633	 -0.786323	 -0.362722	 3.595374	 -2.546780	 -1.733248
 -0.549037	 -0.788870	 -0.364455	 3.615462	 -2.518197	 -1.720064
 -0.545422	 -0.791388	 -0.366175	 3.635383	 -2.489574	 -1.706840
 -0.541786	 -0.793878	 -0.367882	 3.655138	 -2.460910	 -1.693577
 -0.538131	 -0.796339	 -0.369576	 3.674728	 -2.432205	 -1.680275
 -0.534456	 -0.798771	 -0.371256	 3.694153	 -2.403459	 -1.666934
 -0.530762	 -0.801174	 -0.372923	 3.713414	 -2.374673	 -1.653555
 -0.527049	 -0.803549	 -0.374577	 3.732512	 -2.345845	 -1.640136
 -0.523316	 -0.805895	 -0.376217	 3.751447	 -2.316976	 -1.626679
 -0.519565	 -0.808212	 -0.377843	 3.770220	 -2.288066	 -1.613183
 -0.515795	 -0.810500	 -0.379457	 3.788832	 -2.259114	 -1.599648
 -0.512006	 -0.812759	 -0.381056	 3.807283	 -2.230121	 -1.586074
 -0.508199	 -0.814989	 -0.382642	 3.825574	 -2.201086	 -1.572461
 -0.504373	 -0.817190	 -0.384215	 3.843705	 -2.172009	 -1.558809
 -0.500529	 -0.819362	 -0.385774	 3.861678	 -2.142890	 -1.545118
 -0.496668	 -0.821505	 -0.387319	 3.879492	 -2.113728	 -1.531389
 -0.492788	 -0.823619	 -0.388850	 3.897148	 -2.084525	 -1.517620
 -0.488891	 -0.825703	 -0.390368	 3.914646	 -2.055278	 -1.503812
 -0.484976	 -0.827759	 -0.391872	 3.931988	 -2.025989	 -1.489965
 -0.481044	 -0.829785	 -0.393361	 3.949174	 -1.996657	 -1.476078
 -0.477095	 -0.831781	 -0.394838	 3.966203	 -1.967281	 -1.462153
 -0.473129	 -0.833748	 -0.396300	 3.983077	 -1.937863	 -1.448188
 -0.469146	 -0.835686	 -0.397748	 3.999797	 -1.908400	 -1.434184
 -0.465146	 -0.837595	 -0.399182	 4.016361	 -1.878894	 -1.420140
 -0.461130	 -0.839474	 -0.400602	 4.032772	 -1.849343	 -1.406057
 -0.457097	 -0.841323	 -0.402008	 4.049028	 -1.819749	 -1.391934
 -0.453048	 -0.843143	 -0.403400	 4.065131	 -1.790110	 -1.377772
 -0.448983	 -0.844933	 -0.404778	 4.081081	 -1.760426	 -1.363570
 -0.444902	 -0.846693	 -0.406142	 4.096879	 -1.730697	 -1.349328
 -0.440805	 -0.848424	 -0.407491	 4.112524	 -1.700922	 -1.335045
 -0.436692	 -0.850125	 -0.408826	 4.128017	 -1.671103	 -1.320723
 -0.432564	 -0.851796	 -0.410147	 4.143358	 -1.641237	 -1.306361
 -0.428421	 -0.853437	 -0.411453	 4.158548	 -1.611325	 -1.291958
 -0.424262	 -0.855049	 -0.412745	 4.173587	 -1.581367	 -1.277515
 -0.420089	 -0.856630	 -0.414023	 4.188475	 -1.551363	 -1.263031
 -0.415900	 -0.858181	 -0.415286	 4.203212	 -1.521311	 -1.248507
 -0.411697	 -0.859703	 -0.416534	 4.217799	 -1.491213	 -1.233942
 -0.407479	 -0.861194	 -0.417768	 4.232235	 -1.461066	 -1.219336
 -0.403247	 -0.862655	 -0.418987	 4.246522	 -1.430872	 -1.204689
 -0.399001	 -0.864086	 -0.420192	 4.260658	 -1.400630	 -1.190000
 -0.394740	 -0.865486	 -0.421382	 4.274645	 -1.370340	 -1.175270
 -0.390465	 -0.866857	 -0.422557	 4.288483	 -1.340001	 -1.160499
 -0.386177	 -0.868197	 -0.423718	 4.302171	 -1.309613	 -1.145686
 -0.381875	 -0.869506	 -0.424863	 4.315709	 -1.279175	 -1.130831
 -0.377559	 -0.870786	 -0.425994	 4.329099	 -1.248688	 -1.115934
 -0.373230	 -0.872034	 -0.427110	 4.342339	 -1.218151	 -1.100995
 -0.368887	 -0.873252	 -0.428211	 4.355431	 -1.187563	 -1.086014
 -0.364532	 -0.874440	 -0.429297	 4.368373	 -1.156925	 -1.070990
 -0.360164	 -0.875597	 -0.430368	 4.381167	 -1.126236	 -1.055924
 -0.355782	 -0.876723	 -0.431424	 4.393812	 -1.095495	 -1.040814
 -0.351389	 -0.877819	 -0.432465	 4.406308	 -1.064703	 -1.025662
 -0.346982	 -0.878883	 -0.433491	 4.418655	 -1.033858	 -1.010466
 -0.342564	 -0.879917	 -0.434501	 4.430853	 -1.002961	 -0.995226
 -0.338133	 -0.880920	 -0.435496	 4.442902	 -0.972011	 -0.979943
 -0.333690	 -0.881892	 -0.436476	 4.454802	 -0.941008	 -0.964617
 -0.329235	 -0.882833	 -0.437441	 4.466553	 -0.909951	 -0.949246
 -0.324769	 -0.883743	 -0.438390	 4.478155	 -0.878841	 -0.933830
 -0.320290	 -0.884622	 -0.439324	 4.489608	 -0.847675	 -0.918371
 -0.315801	 -0.885470	 -0.440242	 4.500912	 -0.816456	 -0.902866
 -0.311300	 -0.886286	 -0.441145	 4.512066	 -0.785181	 -0.887317
 -0.306788	 -0.887071	 -0.442033	 4.523071	 -0.753850	 -0.871722
 -0.302265	 -0.887825	 -0.442904	 4.533926	 -0.722463	 -0.856082
 -0.297731	 -0.888548	 -0.443760	 4.544631	 -0.691020	 -0.840396
 -0.293186	 -0.889239	 -0.444601	 4.555185	 -0.659521	 -0.824664
 -0.288631	 -0.889898	 -0.445425	 4.565590	 -0.627964	 -0.808886
 -0.284065	 -0.890526	 -0.446234	 4.575844	 -0.596349	 -0.793062
 -0.279490	 -0.891122	 -0.447027	 4.585947	 -0.564676	 -0.777191
 -0.274904	 -0.891687	 -0.447805	 4.595899	 -0.532945	 -0.761273
 -0.270308	 -0.892220	 -0.448566	 4.605700	 -0.501155	 -0.745308
 -0.265702	 -0.892721	 -0.449311	 4.615349	 -0.469305	 -0.729296
 -0.261087	 -0.893190	 -0.450040	 4.624846	 -0.437396	 -0.713236
 -0.256462	 -0.893628	 -0.450754	 4.634191	 -0.405426	 -0.697128
 -0.251828	 -0.894033	 -0.451451	 4.643384	 -0.373396	 -0.680971
 -0.247184	 -0.894407	 -0.452132	 4.652423	 -0.341304	 -0.664766
 -0.242532	 -0.894748	 -0.452796	 4.661309	 -0.309151	 -0.648512
 -0.237871	 -0.895057	 -0.453445	 4.670042	 -0.276935	 -0.632210
 -0.233201	 -0.895334	 -0.454077	 4.678620	 -0.244657	 -0.615857
 -0.228522	 -0.895579	 -0.454693	 4.687043	 -0.212316	 -0.599455
 -0.223835	 -0.895791	 -0.455293	 4.695312	 -0.179912	 -0.583003
 -0.219140	 -0.895971	 -0.455876	 4.703425	 -0.147443	 -0.566501
 -0.214436	 -0.896118	 -0.456442	 4.711382	 -0.114910	 -0.549948
 -0.209725	 -0.896233	 -0.456992	 4.719183	 -0.082312	 -0.533344
 -0.205006	 -0.896316	 -0.457525	 4.726826	 -0.049649	 -0.516688
 -0.200279	 -0.896365	 -0.458042	 4.734312	 -0.016919	 -0.499982
 -0.195544	 -0.896382	 -0.458542	 4.741640	 0.015877	 -0.483223
 -0.190803	 -0.896366	 -0.459025	 4.748809	 0.048740	 -0.466412
 -0.186054	 -0.896318	 -0.459492	 4.755818	 0.081671	 -0.449548
 -0.181298	 -0.896236	 -0.459941	 4.762668	 0.114669	 -0.432632
 -0.176535	 -0.896121	 -0.460374	 4.769357	 0.147736	 -0.415662
 -0.171766	 -0.895973	 -0.460789	 4.775885	 0.180872	 -0.398639
 -0.166990	 -0.895793	 -0.461188	 4.782251	 0.214078	 -0.381561
 -0.162208	 -0.895579	 -0.461570	 4.788454	 0.247354	 -0.364430
 -0.157420	 -0.895331	 -0.461934	 4.794494	 0.280700	 -0.347243
 -0.152625	 -0.895050	 -0.462281	 4.800369	 0.314118	 -0.330002
 -0.147825	 -0.894736	 -0.462611	 4.806080	 0.347607	 -0.312705
 -0.143019	 -0.894389	 -0.462924	 4.811625	 0.381169	 -0.295352
 -0.138207	 -0.894008	 -0.463219	 4.817003	 0.414804	 -0.277944
 -0.133390	 -0.893593	 -0.463497	 4.822214	 0.448511	 -0.260478
 -0.128568	 -0.893144	 -0.463758	 4.827257	 0.482293	 -0.242956
 -0.123740	 -0.892662	 -0.464001	 4.832131	 0.516149	 -0.225377
 -0.118908	 -0.892146	 -0.464226	 4.836834	 0.550080	 -0.207739
 -0.114072	 -0.891596	 -0.464434	 4.841367	 0.584087	 -0.190044
 -0.109230	 -0.891012	 -0.464624	 4.845727	 0.618170	 -0.172290
 -0.104384	 -0.890393	 -0.464796	 4.849915	 0.652330	 -0.154477
 -0.099534	 -0.889741	 -0.464951	 4.853929	 0.686567	 -0.136605
 -0.094681	 -0.889055	 -0.465087	 4.857767	 0.720882	 -0.118673
 -0.089823	 -0.888334	 -0.465206	 4.861430	 0.755275	 -0.100681
 -0.084961	 -0.887578	 -0.465307	 4.864916	 0.789747	 -0.082629
 -0.080096	 -0.886789	 -0.465389	 4.868223	 0.824299	 -0.064515
 -0.075228	 -0.885964	 -0.465454	 4.871351	 0.858932	 -0.046340
 -0.070357	 -0.885105	 -0.465500	 4.874299	 0.893645	 -0.028103
 -0.065483	 -0.884212	 -0.465528	 4.877065	 0.928439	 -0.009804
 -0.060606	 -0.883283	 -0.465538	 4.879647	 0.963316	 0.008558
 -0.055726	 -0.882320	 -0.465530	 4.882046	 0.998275	 0.026984
 -0.050844	 -0.881322	 -0.465503	 4.884259	 1.033317	 0.045473
 -0.045960	 -0.880288	 -0.465457	 4.886286	 1.068443	 0.064026
 -0.041073	 -0.879220	 -0.465393	 4.888124	 1.103654	 0.082644
 -0.036185	 -0.878116	 -0.465310	 4.889773	 1.138950	 0.101327
 -0.031295	 -0.876977	 -0.465209	 4.891231	 1.174331	 0.120075
 -0.026404	 -0.875803	 -0.465089	 4.892497	 1.209798	 0.138890
 -0.021512	 -0.874593	 -0.464950	 4.893569	 1.245353	 0.157770
 -0.016618	 -0.873348	 -0.464792	 4.894445	 1.280995	 0.176718
 -0.011724	 -0.872067	 -0.464616	 4.895125	 1.316725	 0.195734
 -0.006829	 -0.870750	 -0.464420	 4.895607	 1.352544	 0.214817
 -0.001933	 -0.869398	 -0.464205	 4.895888	 1.388452	 0.233969
 0.002963	 -0.868009	 -0.463971	 4.895968	 1.424451	 0.253190
 0.007859	 -0.866585	 -0.463718	 4.895845	 1.460540	 0.272480
 0.012755	 -0.865124	 -0.463445	 4.895517	 1.496720	 0.291841
 0.017650	 -0.863628	 -0.463154	 4.894982	 1.532992	 0.311272
 0.022545	 -0.862095	 -0.462842	 4.894239	 1.569357	 0.330774
 0.027440	 -0.860525	 -0.462512	 4.893286	 1.605814	 0.350347
 0.032333	 -0.858919	 -0.462161	 4.892120	 1.642366	 0.369993
 0.037225	 -0.857277	 -0.461791	 4.890741	 1.679012	 0.389711
 0.042116	 -0.855598	 -0.461401	 4.889145	 1.715753	 0.409503
 0.047005	 -0.853882	 -0.460992	 4.887332	 1.752590	 0.429368
 0.051892	 -0.852130	 -0.460563	 4.885299	 1.789524	 0.449307
 0.056777	 -0.850340	 -0.460113	 4.883044	 1.826554	 0.469322
 0.061661	 -0.848514	 -0.459644	 4.880565	 1.863682	 0.489411
 0.066541	 -0.846650	 -0.459155	 4.877860	 1.900908	 0.509577
 0.071419	 -0.844749	 -0.458645	 4.874926	 1.938233	 0.529819
 0.076294	 -0.842811	 -0.458115	 4.871762	 1.975658	 0.550138
 0.081166	 -0.840835	 -0.457565	 4.868365	 2.013182	 0.570535
 0.086034	 -0.838822	 -0.456994	 4.864733	 2.050808	 0.591010
 0.090899	 -0.836771	 -0.456403	 4.860864	 2.088535	 0.611564
 0.095760	 -0.834683	 -0.455792	 4.856754	 2.126364	 0.632197
 0.100616	 -0.832556	 -0.455160	 4.852403	 2.164295	 0.652910
 0.105469	 -0.830392	 -0.454507	 4.847806	 2.202330	 0.673704
 0.110317	 -0.828190	 -0.453833	 4.842962	 2.240469	 0.694579
 0.115160	 -0.825949	 -0.453139	 4.837868	 2.278712	 0.715535
 0.119997	 -0.823670	 -0.452423	 4.832521	 2.317061	 0.736574
 0.124830	 -0.821353	 -0.451686	 4.826919	 2.355515	 0.757696
 0.129657	 -0.818998	 -0.450929	 4.821058	 2.394075	 0.778902
 0.134478	 -0.816604	 -0.450150	 4.814937	 2.432743	 0.800192
 0.139293	 -0.814171	 -0.449350	 4.808551	 2.471518	 0.821566
 0.144101	 -0.811699	 -0.448528	 4.801899	 2.510401	 0.843026
 0.148903	 -0.809189	 -0.447685	 4.794977	 2.549392	 0.864572
 0.153698	 -0.806640	 -0.446820	 4.787782	 2.588493	 0.886205
 0.158486	 -0.804051	 -0.445934	 4.780310	 2.627704	 0.907925
 0.163266	 -0.801423	 -0.445026	 4.772560	 2.667025	 0.929733
 0.168039	 -0.798756	 -0.444097	 4.764527	 2.706458	 0.951629
 0.172803	 -0.796050	 -0.443145	 4.756208	 2.746001	 0.973615
 0.177560	 -0.793304	 -0.442171	 4.747599	 2.785657	 0.995690
 0.182307	 -0.790518	 -0.441176	 4.738698	 2.825425	 1.017856
 0.187046	 -0.787693	 -0.440158	 4.729501	 2.865306	 1.040113
 0.191775	 -0.784828	 -0.439118	 4.720004	 2.905301	 1.062462
 0.196495	 -0.781922	 -0.438055	 4.710203	 2.945410	 1.084903
 0.201206	 -0.778977	 -0.436970	 4.700095	 2.985633	 1.107437
 0.205906	 -0.775991	 -0.435863	 4.689676	 3.025971	 1.130065
 0.210595	 -0.772965	 -0.434733	 4.678942	 3.066425	 1.152788
 0.215274	 -0.769899	 -0.433580	 4.667889	 3.106994	 1.175605
 0.219942	 -0.766792	 -0.432404	 4.656512	 3.147680	 1.198517
 0.224599	 -0.763644	 -0.431206	 4.644809	 3.188482	 1.221526
 0.229244	 -0.760456	 -0.429984	 4.632774	 3.229402	 1.244632
 0.233876	 -0.757226	 -0.428740	 4.620403	 3.270438	 1.267836
 0.238497	 -0.753956	 -0.427472	 4.607692	 3.311593	 1.291137
 0.243104	 -0.750644	 -0.426181	 4.594636	 3.352866	 1.314538
 0.247699	 -0.747291	 -0.424866	 4.581232	 3.394257	 1.338038
 0.252280	 -0.743897	 -0.423528	 4.567473	 3.435766	 1.361638
 0.256848	 -0.740461	 -0.422167	 4.553355	 3.477395	 1.385338
 0.261401	 -0.736984	 -0.420781	 4.538874	 3.519142	 1.409140
 0.265940	 -0.733465	 -0.419372	 4.524024	 3.561010	 1.433044
 0.270464	 -0.729904	 -0.417939	 4.508800	 3.602996	 1.457051
 0.274973	 -0.726301	 -0.416482	 4.493198	 3.645102	 1.481161
 0.279466	 -0.722656	 -0.415001	 4.477212	 3.687328	 1.505374
 0.283943	 -0.718968	 -0.413495	 4.460836	 3.729674	 1.529692
 0.288404	 -0.715239	 -0.411966	 4.444065	 3.772140	 1.554115
 0.292848	 -0.711467	 -0.410412	 4.426893	 3.814725	 1.578644
 0.297275	 -0.707652	 -0.408833	 4.409315	 3.857431	 1.603279
 0.301684	 -0.703794	 -0.407230	 4.391325	 3.900256	 1.628020
 0.306076	 -0.699894	 -0.405602	 4.372916	 3.943201	 1.652869
 0.310449	 -0.695951	 -0.403949	 4.354083	 3.986265	 1.677826
 0.314803	 -0.691965	 -0.402271	 4.334820	 4.029449	 1.702891
 0.319137	 -0.687935	 -0.400568	 4.315120	 4.072752	 1.728065
 0.323453	 -0.683863	 -0.398840	 4.294976	 4.116174	 1.753348
 0.327748	 -0.679746	 -0.397087	 4.274382	 4.159714	 1.778742
 0.332022	 -0.675587	 -0.395308	 4.253332	 4.203373	 1.804246
 0.336275	 -0.671383	 -0.393504	 4.231818	 4.247149	 1.829860
 0.340507	 -0.667136	 -0.391674	 4.209833	 4.291042	 1.855586
 0.344717	 -0.662845	 -0.389818	 4.187371	 4.335051	 1.881424
 0.348904	 -0.658510	 -0.387937	 4.164423	 4.379177	 1.907375
 0.353069	 -0.654131	 -0.386029	 4.140982	 4.423417	 1.933437
 0.357210	 -0.649707	 -0.384096	 4.117042	 4.467773	 1.959613
 0.361327	 -0.645240	 -0.382136	 4.092593	 4.512241	 1.985902
 0.365419	 -0.640727	 -0.380151	 4.067628	 4.556822	 2.012305
 0.369487	 -0.636171	 -0.378138	 4.042139	 4.601515	 2.038822
 0.373529	 -0.631569	 -0.376099	 4.016117	 4.646318	 2.065452
 0.377545	 -0.626923	 -0.374034	 3.989554	 4.691231	 2.092198
 0.381535	 -0.622232	 -0.371942	 3.962442	 4.736251	 2.119058
 0.385497	 -0.617495	 -0.369823	 3.934771	 4.781379	 2.146033
 0.389432	 -0.612714	 -0.367677	 3.906533	 4.826611	 2.173123
 0.393339	 -0.607887	 -0.365504	 3.877718	 4.871947	 2.200328
 0.397216	 -0.603015	 -0.363303	 3.848318	 4.917384	 2.227648
 0.401065	 -0.598098	 -0.361076	 3.818321	 4.962922	 2.255084
 0.404883	 -0.593135	 -0.358820	 3.787719	 5.008558	 2.282634
 0.408671	 -0.588126	 -0.356538	 3.756502	 5.054290	 2.310300
 0.412427	 -0.583072	 -0.354228	 3.724659	 5.100116	 2.338081
 0.416152	 -0.577972	 -0.351889	 3.692180	 5.146033	 2.365977
 0.419844	 -0.572826	 -0.349523	 3.659055	 5.192039	 2.393987
 0.423503	 -0.567634	 -0.347129	 3.625272	 5.238132	 2.422111
 0.427128	 -0.562396	 -0.344707	 3.590820	 5.284308	 2.450350
 0.430719	 -0.557112	 -0.342257	 3.555689	 5.330565	 2.478702
 0.434275	 -0.551781	 -0.339778	 3.519867	 5.376900	 2.507167
 0.437795	 -0.546404	 -0.337271	 3.483341	 5.423308	 2.535745
 0.441278	 -0.540981	 -0.334735	 3.446100	 5.469788	 2.564435
 0.444724	 -0.535511	 -0.332171	 3.408132	 5.516334	 2.593236
 0.448132	 -0.529995	 -0.329578	 3.369424	 5.562944	 2.622147
 0.451502	 -0.524432	 -0.326956	 3.329964	 5.609613	 2.651168
 0.454832	 -0.518822	 -0.324304	 3.289738	 5.656336	 2.680298
 0.458121	 -0.513166	 -0.321624	 3.248733	 5.703110	 2.709535
 0.461370	 -0.507463	 -0.318915	 3.206936	 5.749929	 2.738879
 0.464577	 -0.501713	 -0.316176	 3.164333	 5.796789	 2.768328
 0.467741	 -0.495916	 -0.313407	 3.120909	 5.843684	 2.797880
 0.470862	 -0.490072	 -0.310610	 3.076651	 5.890608	 2.827535
 0.473939	 -0.484182	 -0.307782	 3.031544	 5.937555	 2.857291
 0.476970	 -0.478244	 -0.304925	 2.985572	 5.984521	 2.887146
 0.479956	 -0.472260	 -0.302038	 2.938721	 6.031497	 2.917097
