3.212608912953338614e-01 1.351954130525796494e-01
6.637216324950120372e-01 2.025095375011439769e-01
6.520308572823895199e-01 9.812889310976248280e-01
7.318582004552260933e-01 8.951035778519943475e-01
9.381985802313270728e-01 1.908400111132984023e-01
9.721452444597982190e-01 5.333541516653927950e-01
3.361957328608561335e-01 4.436386698439815923e-01
7.274931087998302015e-01 8.398870589995133251e-01
9.827186256535341835e-01 9.438050038546702547e-01
2.825654793972232071e-02 6.568096178880229452e-01
5.577012863691149791e-01 3.795477814855705567e-01
8.368422475149245310e-01 1.268549959710163488e-01
4.832756310136000488e-01 3.193727149626601758e-02
4.965059787894374743e-01 8.047829064446704317e-01
9.258936873552456870e-01 2.840893874616432502e-01
2.423392376394086778e-01 2.404065223021822906e-01
6.914924467477612247e-02 9.901237151866281172e-01
2.869327360583066033e-01 5.064758744615690533e-01
9.155221362920857864e-01 7.527249485124583028e-01
2.674812629901267558e-01 7.300633452081354280e-01
9.539381133827669057e-01 9.153733105206668386e-01
6.281976370591316750e-01 1.522713456835400603e-02
1.098342663046781853e-01 3.499422219595526018e-01
2.179579836148753946e-01 4.139253221557338547e-01
9.847697299695840067e-01 7.807447389986235109e-01
6.764190028120597997e-02 4.283345855518396750e-01
5.317492586053425008e-01 9.349548333449210213e-01
7.259460275540465801e-01 8.172832029974578250e-01
6.225874045196799766e-01 3.880015792895618043e-01
2.659674630623735103e-01 3.024011559059082144e-01
7.411230135519233375e-01 9.358829966309433201e-01
1.957403944359343839e-01 2.672087158413700703e-01
2.024076597432243885e-01 4.028205527497714655e-01
8.840629892355675867e-01 7.623543996770787423e-01
1.280150668644552958e-01 2.679044193945223640e-01
9.955615996359219455e-01 3.384280407796846912e-02
3.550583605527379838e-01 3.183287246675226001e-02
4.873247043005948242e-01 7.044485995106219978e-01
3.868048646162982607e-01 7.941485416570883693e-01
1.976050662083354004e-01 2.949064629174742436e-01
4.555027947752132711e-01 6.310028825613682724e-01
4.175727307902517005e-01 2.614508661074821383e-03
1.208571074642245113e-01 5.932143880827440707e-01
6.114269155410689827e-02 1.732665012853297215e-01
9.794821134949616148e-02 7.023922245586627922e-01
9.840611300581743048e-01 8.479402284908184040e-01
8.396207914749429513e-01 3.432821588436885119e-01
3.962202252886591891e-01 4.485129192805087373e-01
4.997779670055693124e-01 2.898037255542371682e-01
7.750504517345047084e-01 3.684546040316992732e-01
2.398404916927668884e-01 6.816759537716520212e-01
7.769694411873672157e-01 4.303692941879155853e-01
7.413748275010620947e-01 8.495716874270299312e-01
2.223551156933080142e-01 5.082187919969800571e-01
9.057161269335277654e-01 4.909805217833161928e-01
3.694713195636676328e-01 3.161524767525480950e-02
9.230217481292871673e-01 4.751906374008117995e-01
7.422266152257355198e-01 4.288868512605821248e-01
4.497774255526617582e-01 9.773932321088890651e-01
6.220696325740632249e-01 1.795957840164451591e-01
9.537459899837013033e-01 8.022859546328182656e-01
3.751942792873979027e-01 4.336258258415881528e-02
9.031185010829743121e-01 5.910709408124129594e-01
2.389462520381598898e-01 6.508581556854937666e-01
7.468282483105171954e-01 4.781740878259832517e-01
1.608890744542460505e-01 5.211458362480794193e-01
1.147366804307735633e-01 9.889150609743579956e-02
6.165314883990076211e-01 5.575985988122461601e-01
1.976595948463802932e-01 7.514478769229482324e-01
8.209521441543963238e-01 3.580667781617459244e-01
7.298075458653652259e-01 8.694547720779337574e-01
7.652041299505752958e-01 9.282816977164340955e-01
1.667512919546134675e-01 9.875887509870870939e-01
4.260024783233591350e-01 6.061035407025178179e-01
4.085742357975237216e-01 2.246613526433072217e-01
9.527794874254120749e-01 6.168650959869659278e-02
5.755389255485707789e-01 4.571258599992678029e-01
9.811109733107585829e-01 8.840457156006483741e-01
1.904683053622653333e-01 2.571612123430021546e-01
8.669786891971518195e-01 5.936877476816080357e-01
8.521651453926001318e-01 1.201736436898958038e-01
3.285128825259167051e-01 2.381124485080381437e-01
6.617431931539934364e-01 8.465713547982778309e-01
1.643400397353458331e-01 2.421398213382910392e-01
1.045137164977519850e-01 4.257828404480274997e-01
7.449249855391991693e-01 1.734934323031326331e-01
1.786918255536888989e-01 5.636179543233568179e-01
2.074141789106835887e-01 9.943792103191533283e-01
9.348096071452992595e-01 3.200092539023868810e-01
8.477031506242135306e-01 9.406817084812774121e-01
5.984932718618899417e-01 9.037934718796672984e-01
7.561228181462682496e-01 9.902985472755895247e-01
6.334710085300140348e-01 7.999801565631737832e-01
7.300736593676402375e-01 8.899724801665860330e-01
6.056580749355314763e-01 8.379229011275590722e-01
6.785463262211708368e-01 8.198323844497394930e-01
4.253565558099062782e-01 7.627374244181398533e-01
5.665910928575143002e-01 8.644025224233838900e-01
2.614776768198520118e-01 5.325497801763415806e-01
3.665853286459559435e-01 5.785166861282871054e-01
5.820844118471020234e-01 3.682042191544740994e-01
9.202406686698645366e-01 5.351741899502940880e-01
3.327727016089484513e-01 5.977510783868801303e-01
3.149286938115825052e-02 4.353148799788889578e-01
7.134065335562377319e-01 5.345677262396540952e-01
3.273096099952245153e-01 1.402884862307852698e-01
7.666478608820496143e-01 4.875410756517596367e-01
4.073967025958838972e-01 2.519949522963078614e-01
1.857129389759443194e-01 9.452754584944567107e-01
2.669013287882661123e-01 8.807259816639013694e-01
9.295218855725454477e-01 2.397790752799476843e-01
3.647043548976676153e-01 5.479536004788505554e-01
9.865270450633926158e-01 4.603953272321952284e-01
3.704871087242633809e-01 4.007319873407064748e-01
9.979036416650441943e-01 2.964397869881576497e-01
4.913145345759766247e-01 8.881584641764345145e-01
9.270243029152636094e-02 6.527171024246429809e-01
7.233729280308038856e-01 4.810055703546267658e-02
7.908604531118114123e-01 4.091928525351630208e-01
8.639520213977563978e-01 5.184469000056004528e-01
2.862524872197723669e-01 5.159082550305176262e-01
8.868202992805874763e-01 2.019894103115615902e-02
7.375108459503660896e-01 4.576264018107020215e-01
1.784914071921701595e-01 9.298993942960137593e-01
4.066281773120454801e-01 9.897491507248215026e-01
3.562493570138269838e-03 5.592941930737338474e-01
4.467023186960058512e-01 3.926354904882488617e-01
6.632636630130058775e-01 4.959585422055874382e-01
4.098029433468909355e-01 5.923433896714652702e-01
5.172989726229416663e-01 5.704236060040893674e-01
8.209869550969968177e-01 6.943815892937454937e-01
1.133578296459462065e-01 8.696355823134749308e-02
9.128336669209153875e-01 3.498124068621496496e-01
2.292038659777804188e-01 3.821044077123941785e-01
7.123191811795857031e-01 6.287637585259822082e-01
7.555141944852733493e-01 5.518890887988847638e-02
1.129330318766450514e-01 4.643662825652136172e-01
7.340339007203989796e-01 2.993314932649163707e-01
7.466447407444805062e-01 3.571219433479040362e-01
8.633379103119531717e-01 1.471701716452770148e-01
7.966179011674078270e-01 9.774229391160738079e-01
4.911469015768079593e-01 2.983969396512163863e-01
8.833773697068634245e-01 2.098450565685895386e-01
9.230405036084967652e-01 3.674840658154355788e-01
1.687930616775169534e-01 2.921084271083147499e-01
9.230650016718695561e-01 7.623441824275827283e-01
5.472773021423429363e-01 7.612487659494493464e-01
6.298732658501922099e-01 8.433438945052843527e-01
8.401939775424261958e-01 5.593361542105379502e-02
2.701031242380775854e-01 1.079993848213067764e-01
6.022592291038979528e-01 4.451245225654543169e-03
2.123894266603176817e-02 4.177845124713012170e-01
8.219946416813862511e-01 1.055669507566214804e-02
4.633608197334621037e-01 2.505883785747908821e-01
7.268848875280505828e-01 6.122103356670516305e-03
7.475761517878598550e-01 1.570454642002466761e-01
5.633040142369389880e-01 7.274055906206327027e-01
7.301380574469122919e-01 3.790444778752753985e-01
1.234718514299076864e-01 5.644893738097989111e-02
8.524527918423796535e-02 8.168964656058687046e-01
7.707409971320599018e-01 8.614677306099240983e-01
1.326233763976372160e-01 4.680327901179789363e-01
9.925520911770046029e-01 1.342193726772362705e-01
5.205832683662326987e-01 9.746357950154659333e-01
5.574431708264260266e-02 6.370834155992036729e-01
3.469624695053158403e-01 2.771224635906953671e-01
9.008955452441377298e-01 5.122147754950774345e-01
4.771594969878342196e-01 1.344275023872215646e-01
6.387048655435010325e-01 1.587820505625436862e-02
8.535101236171803718e-01 9.345853382328809245e-01
5.462875240851212677e-01 6.000033406611260389e-02
1.755573155563239229e-02 1.287827975568317518e-01
3.135577355587466641e-01 1.299506022932643834e-01
5.694799705264055323e-01 7.232955591012344421e-01
2.263281437093532800e-01 2.945694414727236810e-01
7.800841794406959684e-01 3.027831478467495341e-01
3.253692373915829661e-01 7.490822531327890887e-01
8.167434802281603456e-01 3.391384439015322494e-01
2.559455189456204538e-01 3.593980357482319254e-01
5.631592548509419816e-01 1.881611827866658260e-02
4.721481851205819869e-01 8.539026598032807280e-01
6.054633048220287028e-01 9.529388192159146120e-01
2.479152812736141742e-01 9.966610227361837326e-01
5.284514550677466005e-04 3.139003073698638513e-01
5.701097030223777340e-01 8.964614802861713416e-01
1.945507888862112456e-01 2.579784744511555150e-01
5.881175869636887654e-01 7.691161665823926796e-01
5.701771699662563364e-01 9.692434910715630458e-01
8.417702801448526673e-01 5.671474829797167327e-01
9.533768888376215056e-02 4.677194043674262058e-01
9.299691269588452602e-01 9.428825304648028593e-01
1.759588165006309435e-02 9.802259663785706234e-01
8.565317615729955980e-01 8.000239357007022933e-01
5.019232239108353255e-01 5.081697677209813246e-01
6.229623054177140240e-01 6.432140371122797573e-01
9.393792616065286261e-01 3.648508450952338000e-01
8.355207579913759286e-02 3.647317799578220221e-02
1.644170046313455646e-01 2.223896060768792982e-01
1.169572807632346390e-02 1.649226576677317313e-01
6.599346821445619682e-01 1.922255771235334976e-01
8.920408381908795370e-01 9.465110358413997282e-02
6.027366335836312761e-01 9.418715738162644069e-01
2.885708134481890230e-02 7.146405130987827370e-01
6.573390242164612873e-01 2.944185475613035896e-01
3.781673408243049206e-01 6.800549700281924848e-01
7.790009060181055656e-01 7.456768385297004587e-01
4.260597944058454045e-01 3.096094516523334450e-01
8.929156965602216278e-01 9.900322183288509104e-01
8.737844485804674433e-01 3.912924360222292952e-01
3.720883684958116167e-01 2.794515814217989336e-01
6.144003655751542059e-01 5.789355366013767545e-01
4.742458352495808604e-01 5.908352530698945948e-01
9.205039246136852427e-01 1.573259578479125897e-01
4.901330909198023944e-01 8.639721301909816242e-01
6.138678869457654397e-01 1.110180395387073693e-01
5.622975196420654243e-01 9.709114257568766115e-01
4.492716008409423090e-01 6.793033956513163663e-01
2.765199122789618880e-02 4.960996786927346358e-01
6.129148960202351892e-01 1.870087590051779936e-01
1.762481750252309354e-01 3.416265492884960064e-01
8.903260223326666667e-01 6.790832738504885002e-01
4.560458636136425215e-01 7.243317973328021742e-01
3.850970639878914525e-01 9.326107066606581508e-02
6.189029496222890891e-01 6.037210415568390331e-01
2.960409059776104579e-01 7.778804186683496713e-01
3.720571134325723062e-01 3.837507572049078108e-01
6.712329763994706600e-02 4.210670446585220716e-01
2.156165566134837785e-02 5.636763447130009874e-01
9.920769523710174509e-01 3.161124385279266980e-01
9.540127188578351181e-01 6.753160964061752924e-01
6.118679095337689056e-01 6.841586060170251615e-01
8.937032160893062516e-01 8.045078704518492385e-01
6.825223895328127455e-01 7.688870016894747694e-01
7.660723661740386214e-01 6.823915040758166128e-01
9.478413712854426576e-01 9.250159228642527154e-01
8.440918448153907905e-01 7.821264491580538492e-01
7.110834175743884211e-01 4.619956780819287623e-01
1.506720922119182404e-01 2.201565390829611779e-01
9.747121585383133890e-01 6.136863774812461036e-01
1.716050239618489570e-01 1.071384102385934955e-01
2.844059765191691014e-01 7.483388473460020895e-01
9.365096346742430855e-01 7.141222802708302453e-02
5.959824756477346552e-01 9.947636478066159693e-01
8.889062733490254997e-01 1.247057004897358379e-01
5.192017789214319334e-01 9.224196564489128836e-01
6.520642043937122656e-01 8.528657256755687310e-01
2.814107577660631687e-01 1.337096344294113059e-01
1.258227682242931689e-01 2.140530886866114368e-01
8.373400950218621297e-01 6.052282934628531175e-01
6.438202669186496863e-01 9.217146342707999152e-01
7.486036440789298751e-01 9.918465330777298528e-01
1.416588954335554762e-01 4.175440207235550094e-01
8.357805027719950042e-01 2.824954103683072759e-01
6.412164031619119742e-01 7.628591894905917270e-01
2.372323566323987221e-01 1.306796828411100897e-01
5.906723716034695260e-01 2.223876741621915176e-01
8.211755394050633816e-01 9.961712462353973230e-01
3.981289206246602097e-01 1.756668424806362427e-02
3.386113926918972172e-01 5.505826921027069387e-01
7.226087524476398904e-01 3.838888107664193416e-01
5.017834922369467376e-01 6.706221703055150751e-01
7.565583586704131003e-01 7.518343983621103011e-01
8.517816732268149726e-01 3.792085907878460782e-01
1.199337879801500861e-01 9.248576272500430573e-02
5.179749585575383897e-01 5.669825472433855929e-01
9.316491738083741980e-01 3.334480831792145938e-01
3.879732422376770407e-01 8.861944949780967695e-01
2.623477741106979844e-01 2.218951559153040654e-01
5.288341933387343818e-01 7.670956229269998428e-02
4.309417159162737265e-01 4.008656233160380333e-01
3.231996359614852654e-01 1.570711209750854653e-01
9.067272778102837272e-01 8.046802661240826104e-02
1.531355039930212270e-01 1.065899772307392634e-01
3.580243807017691182e-01 9.688955695865316686e-01
9.726179176015722350e-01 9.509893506733949620e-01
1.495857648785757776e-01 2.313043064037623164e-01
8.730321614166588473e-01 9.898265967626895812e-01
2.823119285627320174e-01 4.056571383441776035e-01
3.336944559593419957e-01 4.087865151039784539e-01
4.605454188818919325e-01 3.866903750022276931e-01
4.803646568118340454e-01 2.837206066481996469e-01
5.743676248414462115e-01 6.647733885699113054e-01
8.350075268080482394e-01 3.455830014680354445e-01
5.772999423346536485e-01 9.055443979280055622e-01
7.695183951535955469e-01 6.804461194580453398e-01
8.009336344474111691e-01 1.248893822539592913e-01
4.339061185946568866e-02 6.973350999167526876e-02
7.104488939727384711e-01 5.347541599187390915e-01
9.095795339683858671e-01 5.877267113938954290e-01
7.673415718849089240e-01 6.450231331562136239e-01
6.570094903956799071e-01 1.522019673156342900e-01
7.836097816817837458e-01 2.880366569173589131e-01
5.273457725018502185e-01 9.809258907595111987e-01
8.372484839223859332e-01 1.018986727194535202e-01
4.234378725462992765e-01 8.433839779622959165e-01
2.739929577382231862e-01 8.707073445084624330e-01
2.992900867279609800e-01 1.741477174371452996e-03
1.399922533574750050e-01 9.979471738146615811e-01
2.126096307438954947e-01 7.160199485838506517e-01
3.553466955466647592e-01 2.431307249290985961e-01
4.441107624389112329e-01 4.288109489038760547e-01
9.569528528813799895e-01 1.498982691698694802e-01
8.595357755722043969e-02 2.585288139245637273e-01
3.710025240883818576e-03 8.645300368809525349e-01
2.353137985484571315e-01 3.377003605377585371e-01
5.098066481261764871e-02 8.579801583705908286e-01
9.921256433938266950e-01 9.525215774272407510e-01
7.896052434643869855e-01 1.299889123216771969e-01
7.695004995813575777e-01 6.961948778632700563e-01
2.120773832281286353e-02 4.585439351409437148e-02
4.512815233024815020e-01 6.772041843689269314e-02
7.535599442425010563e-01 9.081105360219665634e-02
5.234314741962996509e-01 6.303715957705372519e-01
7.613998341913552625e-02 9.624516261801554506e-01
4.937302573330454303e-01 4.442519126224684367e-01
3.912728271472910579e-01 1.394997657814839309e-01
7.627163501493837705e-01 9.444942036580370459e-01
4.565838078931868660e-01 2.324265394608645563e-01
3.442051166611760360e-01 7.372394437789674404e-01
8.737267662611573060e-01 3.349243813353497412e-02
3.059279002583583651e-01 9.766554499623170127e-02
9.745498162713823742e-01 7.317404224071174523e-01
9.811419456551750962e-02 4.672661009450015390e-01
1.245320563820272453e-01 1.109372357776997609e-01
8.421470428142630027e-02 9.990677166964214706e-01
8.718321703916069865e-01 7.771544405642488718e-01
2.065319085623116280e-01 3.385521659140887651e-01
1.755398153449013732e-01 2.421757656012690774e-01
8.279923785473134457e-01 1.803684234006908138e-02
9.991688312459697796e-01 3.026527870153561395e-04
3.111918083154128212e-01 7.159183473151092825e-01
5.348823245230491796e-01 9.384186283727382616e-01
6.359648110891606976e-01 1.914085084204311116e-01
3.646673666221885712e-01 2.777469045071689902e-02
1.417984105323613075e-01 6.447930598002736824e-01
4.138644493405051472e-01 6.401076024474549042e-01
9.861813490213306999e-01 2.656935745613845379e-01
2.704249897334408681e-01 9.136617390434205177e-01
8.429243006297980623e-01 5.723571140274589242e-01
6.409619845169532981e-01 7.611677525067104266e-01
8.225735662330392328e-01 8.558815010073750340e-02
5.497119673747934421e-01 8.846991878183116942e-01
4.068991455932066126e-01 4.869608702119593291e-01
3.734215501042051910e-01 6.440534459702925707e-01
4.959723877939116177e-01 7.779993171411387909e-01
2.110535957946153562e-01 1.256921211621331302e-02
2.581440540425176122e-01 1.798858925467391456e-01
3.159744477046556588e-01 6.137471721722356222e-01
2.215207146311066744e-01 6.741447814751214684e-01
7.547644362409134944e-01 5.894332121944598768e-01
4.284078868824381381e-01 7.934893116384718059e-01
2.443116592051931546e-01 3.848180016347815258e-01
1.267978391333606236e-01 9.304184294365137609e-01
8.213482366521812628e-01 9.135138543965389823e-01
9.225067583716036745e-01 9.675106141162814755e-01
3.896827615127678168e-01 9.222388193668166201e-01
7.370273304353304189e-01 8.441823590499994978e-01
3.961492866510362143e-01 8.551299787025581356e-01
2.826146452424908029e-01 6.045920245924847336e-01
5.495674078608058233e-01 9.432056828561830031e-02
3.676637074519583104e-01 1.141321994633948123e-02
6.553918685847082148e-01 5.044356551936272082e-01
2.820123604496190817e-01 6.632014156655638981e-01
6.537945209298837712e-01 1.612186950532099594e-01
4.995635020764304102e-01 1.592642827933303806e-01
2.040681475473272721e-01 4.463658404820680659e-01
3.281579785385371206e-01 3.617721021303014206e-01
4.766139396557260710e-01 8.580538767163903291e-01
6.958993191490830954e-01 3.206787752026758476e-01
8.002366484415238679e-01 2.633812925106805425e-01
8.430357700348986016e-01 5.297177069485961010e-01
2.396160959046764738e-01 2.854766733087370500e-01
8.434383378953337340e-01 4.550290089838631147e-01
7.170335160600606050e-01 7.023226562761595293e-01
4.358875551370990920e-01 9.033218221308428886e-01
4.221486551920271557e-01 4.376890185325652549e-01
3.937190371383404441e-01 8.897715305787811113e-01
2.577157070042840337e-01 8.381978872438500261e-02
5.767185440744424518e-01 2.522137557106413075e-01
9.650905277143706495e-01 8.538462867836265069e-01
5.857537647749850862e-01 4.345118015172100279e-02
6.967150681439105986e-01 1.143566040715318088e-01
8.801769686175249241e-01 7.369214170062652336e-01
1.895940745908728520e-01 2.563188423821913808e-01
3.380557606842141682e-01 5.545309188986919935e-01
6.295595446920526639e-01 4.003636887231379893e-01
1.307634125325064511e-01 7.140013734545996860e-01
5.155356539948157124e-01 6.801614500706287814e-01
6.601848594595665087e-01 3.198677941016067061e-01
3.751840209190548947e-02 9.825885590329980213e-01
5.249117617596296137e-01 2.132247940057677704e-01
7.855713523012554100e-01 3.084893518630331677e-01
8.839511976483580558e-01 9.311667376174740385e-01
9.386865741923655637e-01 4.346315468356642953e-01
2.004604370591951401e-01 6.360417245646686757e-01
8.264723019849388175e-01 9.064730505875217004e-01
4.414816295378956035e-01 4.518015467345586345e-01
3.559624244381308644e-01 1.773396157899352898e-01
8.772253639485734222e-01 7.544788685424147490e-01
4.462271276734007808e-01 8.281378420424606590e-01
3.697210752939789069e-01 4.517829739607150952e-01
1.514680677941429021e-01 3.650411102193321655e-01
5.688554535300472947e-01 3.325929909513770655e-01
9.023838614359419585e-01 3.750174955805185562e-02
2.187473367250932776e-01 9.849109119180995409e-01
9.450972932809140747e-01 8.397740265645817770e-01
7.757380355497027757e-01 5.878407543329229323e-01
5.556954162716576384e-01 6.711222749619603078e-01
2.955427826441155981e-01 2.132397602904566591e-01
1.796194784655144039e-01 4.356759711441092753e-01
1.380995805254842113e-01 3.320862555418210293e-01
2.876512257224848046e-01 9.736986198360489952e-01
9.528510285727317397e-01 4.367860078129557344e-01
3.017974299743254596e-01 8.533487610618584185e-02
9.590381273879902135e-01 4.403950919601274938e-01
3.754484141755676241e-02 5.899561512591984247e-01
8.333427951220694352e-01 5.086001427837554267e-01
4.995711110592065962e-01 3.644253389866081161e-01
5.438778749562223069e-01 4.229547465362326619e-02
3.542873352183985025e-01 2.219522424533547644e-01
5.278379733554756648e-01 9.485059207915517154e-01
2.295951629641088676e-01 3.164478903919132335e-02
7.443729531421018342e-01 2.463296038146653988e-01
7.629349552376707422e-01 8.533984692455254262e-03
8.713219034295703880e-01 6.159585091377701715e-01
2.078911999334028815e-01 2.282883980195287155e-01
6.097583303618588912e-01 6.309502822524618582e-01
1.580100378837170361e-01 7.683747743281444942e-01
2.812110101280408392e-01 2.600516199410699558e-01
5.050464725882757300e-01 9.063155062879381108e-01
2.311291503188654950e-01 4.904037118637872839e-01
6.856119368377091572e-01 6.769504664798261517e-01
1.889121121598003050e-01 7.406984907455846923e-01
5.625500078665388592e-01 6.023427242147008087e-01
4.341669298932381293e-01 8.415232912006891386e-01
2.383713327591785447e-02 1.687203916342255861e-01
6.521665899613402484e-01 9.487025763861103300e-01
4.350184257852329761e-02 8.442891143609384530e-01
9.405754908546963833e-01 4.952583383454012278e-02
5.949134375046953860e-01 1.481694588229642839e-01
5.551894154364450662e-01 3.265945204639663091e-01
9.133414793918976926e-01 5.303078958744691374e-01
9.352395868305134474e-01 6.849592686957995946e-01
4.071311516269647823e-01 9.277794233803232649e-01
5.777760845005185386e-01 2.988303090436397191e-01
2.291303888141993372e-01 3.737744141633092543e-01
7.912137540854861095e-01 5.438221197269815788e-01
2.375690632069751285e-01 2.330517519404355919e-01
8.600772674336520929e-02 6.906464148605345743e-01
7.457280004254998040e-01 2.813302096826647558e-01
3.943030810616827697e-01 6.506957464878247999e-01
5.307473460178890878e-01 9.878641075300170771e-01
1.976102075159095195e-01 2.065275544268747598e-01
2.224375407781020719e-01 1.007550389044520323e-02
6.257095198271789283e-01 5.624728123133071467e-01
3.682258161102262006e-01 9.635483797771644543e-01
6.095356995375000864e-02 2.642787930448803335e-01
9.946936447988702357e-01 9.525804985474419784e-01
1.577682516486311748e-01 4.463084978504516798e-02
1.147505716850472091e-01 6.102159510246196739e-01
3.230989542055731079e-01 5.273141546059593177e-01
6.921613383296735256e-01 5.281541023659569456e-01
7.458212258709016051e-01 8.563372857051269049e-01
3.333309805297501871e-02 1.788878139489790131e-01
4.761097229686385157e-01 7.296173143339890199e-02
8.281849660505224975e-02 3.622728338828927752e-01
3.268543273439981078e-01 3.591757643066662009e-02
3.370248712483002729e-01 4.281087643601366732e-01
8.593369285716435657e-01 6.571267803618843217e-01
6.564893581099532360e-01 1.946414812337766698e-01
8.588781121427563336e-01 2.838956381886155178e-01
1.890491263160786195e-01 1.334531945333597980e-01
6.042190779251238597e-01 4.806472060019020276e-01
5.231929108325916733e-02 3.933835573953217146e-01
3.216637648044444742e-01 5.309905958868110787e-01
6.186198652346752702e-01 6.859451790735942023e-01
3.814573096559270571e-02 2.963013917331140945e-01
7.099404584093762516e-01 3.115639239604900412e-01
4.220341470332854561e-01 7.212313035238920866e-01
3.012345690057590675e-01 5.765665603731696676e-01
8.003744567265487220e-01 3.369164510528930290e-01
5.220894771372647236e-01 1.400297295763667238e-01
6.689011227572709828e-01 6.852402632901244406e-01
1.035972049595805800e-01 4.301488509057478371e-01
5.934267327312723328e-01 5.576958920684427223e-02
2.904146509453368052e-01 4.763216666694792822e-01
8.666389660261193395e-01 6.945589707470867236e-01
6.991527670428288044e-02 8.438862853375296291e-01
4.566224569695876978e-01 2.975918591634940658e-01
8.965777536118063606e-01 9.618741359409677116e-01
7.781462205798672649e-01 5.304720655846965061e-01
1.811296088757230471e-02 5.248309257105354675e-02
2.931188127058709236e-01 2.684927284844552675e-01
5.399531678120494949e-02 4.172365022062599627e-01
7.752458265463412213e-01 2.259873851508084064e-01
4.107223937016201143e-01 5.916308790181302735e-01
7.582036936373496294e-01 3.277050165307517915e-01
8.510716125785487973e-01 4.275234470981611468e-01
2.672886384572396024e-01 5.952281201140664502e-01
3.339171466448739301e-01 5.919663792549356707e-01
1.195496973719125666e-01 8.434810217032839841e-02
9.476494352714596170e-01 9.951236791397327641e-01
4.687653697373711514e-01 8.968873019110862321e-01
1.373535295647766441e-01 3.623837850939709559e-01
5.633160202820498563e-01 1.622415181620744384e-01
3.261429606957905181e-01 1.021935641173989939e-01
5.580458566044577129e-01 3.084928858677975505e-01
4.775958222529267383e-01 4.402273528213884735e-01
3.406882671221552750e-01 3.236022262735946953e-01
6.415229891635010340e-03 9.889298899882955629e-01
8.921642631746817820e-01 4.910921737619003968e-01
5.885637255263008738e-01 8.079040531416673554e-01
8.595552316193799669e-03 9.593552318683661317e-01
9.414509604247637276e-01 5.577448998311891337e-01
9.021678000068533709e-01 9.197053627802080911e-01
8.036346206466675746e-01 9.629853656694212782e-01
5.564915561176777548e-01 4.186296584445128310e-01
9.652283463867761260e-01 7.166886766491266103e-01
6.717998861228333674e-01 4.133019635251294899e-01
6.281398741266127628e-01 4.088145754549659117e-01
4.340694986211937056e-01 6.749428804907094959e-01
6.298065608393685899e-01 5.734850911601220291e-01
2.611792545924562781e-02 6.878444604396349860e-01
3.925147404728629441e-01 6.696679674620861222e-01
5.606958497213903048e-01 1.293046213469504213e-01
1.830168290293340272e-01 8.036362291582256345e-01
3.156991896786077723e-01 2.210195046504481731e-01
7.348581337361356214e-01 7.785861826220977777e-01
5.602776066731895988e-01 3.786416936254292098e-01
1.070340577110440172e-02 3.567211618533249196e-01
1.310478470235584281e-01 5.282365253658486415e-01
4.717691652323829921e-03 7.339206343679607336e-01
1.150872326720770999e-01 9.520796521410201940e-02
3.847949507040122619e-01 5.342428856671802562e-01
4.803987801939225699e-01 8.410174768843766691e-01
6.619640234212599283e-01 5.497016358643852518e-01
7.652599993924299460e-01 6.636507580567911901e-01
4.468482843946486316e-01 6.525164674926449138e-01
2.912009745796781957e-01 3.654162896112755909e-02
6.025618078443295556e-01 1.595272978941469910e-01
1.919994972846561510e-03 2.719681480056835854e-01
8.204256520764922067e-01 9.151219704385116227e-01
9.281155710556884264e-01 5.088855492278085979e-01
5.449754199962185686e-01 7.181958527801137748e-01
2.452218888200750069e-01 8.949577843603983007e-01
7.101289533897255923e-01 3.858062297117061945e-01
8.435059092980572437e-01 8.310447288816521505e-01
2.070079963810924628e-01 7.176677039866032892e-01
9.533860906586054673e-01 4.100935826332814393e-01
6.286901338128136896e-01 2.495385744491652735e-01
7.175363046796777722e-01 7.730566807931342765e-01
4.716801205805848385e-01 5.200452480528904298e-01
1.417875984646199683e-02 7.951362256425732467e-01
6.817695644063072047e-01 6.573806448988764872e-01
4.639287874972636283e-01 8.458200927744130571e-01
5.030271782383520796e-01 9.921865500759290413e-01
2.909793825636094455e-01 5.103437519172782100e-02
1.918229019531925150e-01 8.220762867505398974e-01
3.947594807356169522e-02 2.586029008774753946e-01
7.456669462437508500e-01 7.409345937351611289e-01
8.194117491084516036e-01 9.715254537833736270e-01
9.610856084585300829e-01 8.251494390917751831e-01
4.281800374101399909e-01 9.941867911116488710e-01
5.230467744825694210e-01 3.233325016544914554e-01
7.549092000161935490e-01 1.171666998790749092e-01
5.093497086944086538e-01 5.130855170273899146e-01
5.954856356959571384e-01 7.521171687537077100e-01
2.484017258071080647e-02 7.998801396187189550e-01
1.980383238956703318e-01 3.795874925656150811e-01
9.601817944995396648e-01 7.548246494558265018e-01
1.755955453348356787e-02 9.946690362815304720e-01
1.491686576560591337e-02 8.559393717796086598e-01
8.793032891428625986e-01 9.167635807549462390e-01
2.942880349457043243e-01 2.235606413195246889e-01
1.421548888882351314e-01 6.064610410434956300e-01
9.327006446554956254e-01 5.262482590411154959e-02
8.251937827669602044e-01 2.808822912993017562e-01
6.004201243135410815e-01 7.758618549420764898e-01
6.369655799098457027e-01 2.346350455095629339e-01
2.471651895489909156e-01 1.181288991266129518e-01
6.719985643441317436e-01 2.330357728618418500e-01
7.487337974761352211e-01 3.028348262462783325e-01
2.503728935992592941e-01 2.414530238638814552e-01
2.749433220239463349e-01 8.057996459318377269e-01
5.726382998506319710e-01 9.794181744444785398e-01
3.315419127393737231e-02 2.215305328252320516e-01
8.505149537693377226e-01 7.663888184735785369e-01
2.130034752926580621e-01 1.423443541623335973e-01
2.581687136289739781e-01 7.593992284125384851e-01
3.513371592163643253e-01 3.313129598941434439e-01
2.548506680798615642e-01 2.041832398448231167e-01
9.691856181724102237e-01 5.570387152105232831e-01
7.370941530792682883e-01 8.743733711740574455e-01
6.638400842031352278e-01 9.692217022182835207e-01
3.487711635667827270e-01 9.029474810097188886e-01
1.113785706054162272e-01 2.120045180792035078e-01
2.020232162397864739e-01 6.670530894746435902e-01
5.615951763683679765e-03 5.289970536222348141e-01
7.602839681490927148e-01 7.768266399424335056e-01
7.549773016920457991e-02 8.950180297821523911e-01
1.000028345082235592e-01 8.956043428718699628e-01
7.321406004734626327e-01 5.629521515418078881e-02
6.570580831046749504e-01 9.949667720958004224e-01
5.276810581985333926e-01 5.718777326958952578e-01
9.562554288417758341e-01 1.514638451364277438e-01
9.160770232576045391e-01 5.700486025171569437e-02
6.627712688338819325e-01 1.399558149906233728e-01
6.427960142511820463e-01 8.296955785686832563e-01
9.842637984208589819e-01 2.328087149208349915e-01
8.262568193096417879e-01 5.105765965541617657e-01
1.785185859216799065e-01 7.683434225627436831e-01
9.589543155377135975e-01 9.263523084831150056e-01
1.504711943719794220e-01 6.500394261263443552e-01
6.925059643767353945e-01 4.613221323736654833e-01
3.095351668623370633e-01 2.471731952330461501e-01
1.916473056961003341e-01 8.114136053881741972e-01
5.019926147227851132e-01 8.187217837284223032e-01
2.224673775699728129e-01 7.925088171254002223e-02
7.927572737977960360e-01 8.845242768062480110e-01
7.519965504277993373e-01 8.075570323272867057e-01
1.803990823429728607e-01 3.465135987959920838e-01
9.744627293973371351e-01 6.802365739534116384e-01
1.743455169609516853e-01 4.453909322665270398e-01
7.520351115119042751e-01 2.126819066642117173e-01
3.035263954274388665e-01 2.598955441325834226e-02
5.200746023249581684e-01 9.986874745982812218e-01
8.198398476735792029e-01 4.618319600581581863e-01
6.993150226064885899e-01 9.185006730507976336e-01
5.022062913116860372e-01 1.141544444892800270e-01
9.177281093850025995e-01 8.148804294668243742e-03
2.771796137167069629e-01 9.040129048851321958e-01
6.078445709553270682e-01 1.630324772225769658e-01
3.248299807775745229e-03 3.771169129968189315e-01
3.009473881213042823e-02 4.993175860078188366e-01
9.210780464025667413e-01 6.068432558488165984e-01
3.475494527660275557e-01 2.640410302052031977e-01
7.162879143928275738e-01 4.068818622589073231e-01
6.728075274797042926e-01 9.842679609661006968e-01
8.044711700629495477e-01 7.120139485145283720e-01
7.227446363582457067e-02 3.172085368109331949e-01
1.913644413867197080e-01 1.695186690283406739e-01
9.150491429246361275e-01 6.976887948124201877e-01
2.691799862016637235e-01 9.510092968446499651e-01
1.338928372036523040e-01 4.265750452920843427e-01
6.604953511047607639e-01 5.861284999229465775e-02
5.615015658844938473e-01 7.686914274771049493e-01
5.776212692710677166e-01 9.318120131847111853e-01
7.561266937902434426e-01 2.690398264538125250e-01
4.650881340510810702e-01 6.076504055032083684e-02
1.971006844768251609e-01 4.886384568760515634e-01
4.456891359474762782e-01 5.122139720197339541e-01
3.241647405289093120e-01 2.780724081752363741e-01
4.362571708621554301e-02 5.325108789455393898e-01
9.708062266121797457e-01 8.737594407548444631e-01
2.476944207951048416e-02 8.988002180241385641e-01
9.410104313326705938e-02 2.031470417252490002e-01
1.636226613592611789e-01 1.278666866595012941e-01
6.243525978772878071e-01 6.892874219012021797e-01
1.838556263286975634e-01 7.895980781714869723e-01
1.080985912333135568e-01 4.100854576884596092e-01
3.687397606950247875e-01 3.478425620102052473e-01
2.376593214051976322e-01 1.135311529716899193e-01
5.094914710001020586e-01 1.062153266816805441e-01
2.343136708680544356e-01 9.233162882974573771e-01
8.602083615413740336e-01 7.004713860548237303e-01
4.610098924159005129e-01 4.880234675931925947e-01
9.132412179593811796e-01 2.984373113214596751e-01
8.290209005456670166e-01 8.543014494277787474e-01
1.557213045349407077e-01 2.743968567179388973e-02
3.406515362273838665e-01 9.468495375002757841e-01
8.608648656613102634e-01 4.483833094223060867e-01
3.488214944646346183e-01 8.452588216420120482e-01
8.547263203854793545e-03 8.797350343004290973e-01
1.876102306154170396e-02 1.025940789098422901e-01
8.700204471584238597e-02 6.086629352604441268e-01
2.349923922943023546e-01 8.927200666385624039e-01
3.144640142418910767e-01 9.662292836182323486e-01
5.781816760011930789e-01 5.438129157854830753e-01
7.920596406073158180e-01 9.297463149676363781e-01
3.823437030016327842e-01 9.726067530041728748e-01
2.733015189714791404e-01 4.606808414781282668e-01
3.343144034044798207e-01 3.293879375097508166e-01
2.527762004611449065e-01 5.338925864052562753e-01
3.137645993753546136e-02 8.123512948519727717e-01
7.240648487568320801e-01 3.978588245515239930e-01
2.282887544372325106e-01 3.171798816807792631e-01
2.510599504207214894e-01 7.566622997478933410e-02
9.183264961894745948e-01 6.699058231463665969e-01
3.120086407106675841e-01 6.671784361380970196e-01
1.404703793044174143e-01 1.519724917022415855e-01
2.600332490290626630e-01 4.205466822142576166e-01
7.603846104977983744e-01 1.606392647935676044e-01
4.258713113062558842e-01 3.987749956313935140e-02
4.219857005941650696e-01 3.016642766000000586e-01
6.066320676319181260e-03 6.483284612447437478e-02
1.801782131413619537e-01 8.143592226005212931e-01
2.440572097500637305e-01 4.302290019196978177e-01
3.320354084413701390e-02 1.732281637188767265e-01
7.304542403192526567e-02 9.610550582716229640e-01
7.339886937379676013e-01 9.004876704929055675e-01
9.066802252541358298e-01 7.821247588912215720e-01
3.292156116637330321e-01 1.504412629847834415e-01
9.562498964727960127e-01 3.957114976962889941e-01
7.324264834202728336e-01 3.556203769152321836e-02
1.714637026748002668e-01 8.446149716503341676e-01
5.663143252987912213e-02 4.269008181942641755e-01
8.683988947397458524e-02 3.649918625230449409e-01
3.076389685375395810e-01 5.653244784504302123e-01
6.665865968014444976e-01 2.584680911232756229e-01
9.381574805861125910e-02 5.944212382693196961e-01
7.515936797135736036e-01 6.089812794616854541e-01
8.772687937103780254e-01 2.388495091584136309e-01
3.291021647280762963e-01 9.323372481668106282e-01
7.474899221561585039e-01 8.521509242970634057e-01
6.082040013627987296e-02 9.316250582750593701e-01
9.288794333498557876e-01 5.693061237299598121e-01
8.328830254860711824e-01 5.846096218277389012e-01
6.621441184095303578e-01 1.376280863760814821e-02
5.312601511993211290e-01 3.662329969355588855e-01
8.070553485519712522e-01 6.569399304995946487e-01
9.895788201574817755e-01 6.333420613125408938e-01
5.654010721322588751e-01 6.338751493252539060e-01
3.121640080018163177e-01 1.410646664016698137e-01
5.702393753991903402e-01 6.151488904503749078e-01
4.520013461096880070e-01 7.195675591897390255e-01
3.446611726997867997e-01 9.087879515992348667e-01
7.946756166234272278e-01 5.876687980587044224e-01
3.230121570936816955e-02 3.682104618932824369e-02
3.890224084225050172e-01 4.290829884348450474e-01
7.654026727319250822e-01 3.075759560000754789e-01
8.440556449675007400e-02 4.123339903662659456e-02
5.245265761471081811e-01 8.227867153855935589e-01
2.607039892921134694e-01 1.571588902910041607e-01
5.664362550727031209e-02 6.792232226205161538e-01
4.317580816387610598e-01 6.552264523689433906e-01
6.539992963399041681e-01 9.690047845778000379e-01
3.050228127293176383e-01 6.417017479199662588e-01
4.172361850983687948e-01 6.421478601565813182e-01
4.544379562355763680e-01 1.837040386267394521e-01
6.240952724725135070e-01 6.047363600488196989e-01
4.461132711697595177e-01 7.743455758373612996e-01
3.071739364833844244e-01 2.940866011045663031e-01
2.381018916841199928e-01 4.739531264669745170e-01
6.010220844158548070e-01 8.009200065009761671e-01
2.050998793691919397e-01 6.376488350060871557e-02
8.077653404716830243e-01 7.282617179750416891e-02
2.045343176997688195e-01 7.114306489218285012e-01
9.413175770641876161e-01 3.739686246126576741e-01
6.928522241444057261e-01 4.247688469976441672e-01
4.132562471866449982e-01 8.603513815083566607e-01
7.656597537590341673e-01 4.546614667720221270e-01
1.080125768500772576e-02 9.544875216786706806e-01
5.603354615773925573e-01 2.515521675370369081e-01
8.876467972843138377e-01 5.062887572430758709e-01
1.508954169038222437e-01 4.685414808283046018e-01
9.920013772257729734e-01 3.514542182406422688e-01
9.020555074511970028e-01 6.992039173844314393e-01
7.756855149584326314e-01 6.672768491872553831e-01
3.294591204259157413e-01 1.894410728439228642e-01
1.706637988755940194e-01 8.811951417562526867e-01
4.855432919036171135e-01 8.732883857711889464e-01
5.760851580522119431e-01 9.695274520590377865e-01
6.594403904703289854e-01 9.229751898301236102e-01
8.248558703490584953e-01 9.924936789940094206e-01
7.358545922494046376e-01 2.677208233481112032e-01
9.504222389382026570e-01 2.717598554001697808e-01
7.519683089785251795e-01 2.746008116379616837e-02
8.642078819268462775e-01 4.633269681312253141e-01
7.155885261275578557e-01 8.415766806194001637e-01
1.092161410691715462e-01 8.356137322074109752e-01
8.984958969518018757e-01 8.348000499710099831e-01
1.376557334357791929e-01 3.535827339347671350e-01
8.134880264023165442e-01 2.249647115344186599e-01
9.757910063149779489e-01 4.865345335694971629e-01
8.865986330368346158e-01 8.950800213809317896e-01
4.713972340086343138e-01 9.778093056120188420e-01
8.134950986898296099e-01 6.813447397304704944e-01
2.268423592781275699e-01 1.697180477809770993e-01
6.876469512731961942e-01 3.303958700288767147e-01
4.833459139747141586e-01 6.530197080526749520e-01
1.746265982354701096e-01 7.308167415273487677e-01
7.771296884065204136e-02 6.957584876805612550e-01
1.077640477651549133e-01 3.408901172639647870e-01
2.755255862626843077e-01 1.276100157323871720e-01
4.856523539713940574e-01 4.928365342972540475e-02
8.003702359876988526e-01 4.764875946477646895e-01
5.849598565982565557e-01 8.409210010557657267e-01
2.400981881543805541e-01 6.700172471990297751e-01
5.739858740306658103e-02 4.175395943297938173e-01
7.851879886181982737e-01 3.954028168054920522e-01
4.200558493590056397e-01 8.715880106640481184e-01
1.312830324448399644e-03 5.045307135090174588e-01
8.785605184011393565e-01 6.372716548678621917e-01
3.198281382320308230e-01 4.901258954527246692e-01
9.118302703159045786e-01 6.127477616098968571e-01
5.490313056450176754e-01 2.931007055038750142e-01
9.517307525132180368e-01 8.888332046123204044e-01
5.219855476954518014e-01 9.672475537418221414e-01
8.575900515356482678e-01 5.512438836842504797e-01
5.878530794026149975e-01 3.886655581882427768e-01
7.504900911435711253e-01 6.576881896326999266e-01
1.209476070888962917e-01 8.235877492428240743e-01
5.633005360064713418e-01 9.876892426094882049e-01
7.219658727312741053e-01 1.219246247099645686e-01
2.052795433976387640e-01 9.020896757419262224e-01
2.937935700657479110e-03 9.397346376013054892e-01
8.207854692246780992e-01 9.945403838114111883e-01
4.971968948304003044e-01 2.338507963929398192e-01
4.901274743950777557e-01 8.271066132904050239e-01
2.276477027580526835e-01 8.492202136526660894e-02
1.261210076590464357e-01 8.775970036525879703e-01
3.266308464940643752e-01 7.909972148913952950e-01
7.928576583025951363e-01 8.561479173768993256e-01
4.563847004798308182e-01 7.608601247154107572e-01
5.816388362577625815e-01 4.458690575557588964e-03
7.319463697853894057e-01 7.618090162945865274e-01
7.150661051547793079e-01 9.017307093793870409e-01
3.746815899091906488e-01 2.326424399303975710e-01
3.900636133488134538e-01 3.980755363145019876e-01
2.308719716353460072e-01 9.672993551609967433e-01
5.828277084842536926e-02 7.660833166830779417e-01
5.470340499612726948e-01 3.220855131274978911e-01
9.833629264261317671e-01 3.246968322770268367e-01
4.919456564823951883e-01 9.337685262687347443e-01
1.311872376002415352e-01 6.878833347108592733e-01
9.735822764216293113e-01 1.390223188277261990e-02
2.780579185715670310e-01 9.500987379164665958e-01
7.738963722742725482e-01 1.316179509167660910e-01
9.402983945107994401e-01 1.054186176522575735e-01
3.127940895442137270e-01 5.200884191616322871e-01
5.058943012799858030e-01 2.374967989458146578e-01
2.865267320969669962e-01 4.041050562658849987e-01
3.677546378816575201e-01 5.904078366638210174e-02
9.205889627149038690e-01 6.512493347348309314e-01
2.660087564377651148e-01 2.224919059914309827e-01
2.030882200850742114e-01 8.067862146121301814e-01
1.322848259540689853e-01 7.097920033363235293e-01
9.813479656362669168e-01 9.509711352572242093e-01
2.973679746055076789e-01 5.031184619902741018e-01
3.590241295003849809e-01 6.996815664516038424e-01
1.266206787520069987e-01 4.979193774143277906e-01
2.859463276182383495e-01 6.136804471763612767e-01
1.089084449216959349e-01 9.798109532810572730e-02
6.670703021444108760e-01 2.798877656438533146e-01
7.569829172144770801e-03 6.592032457733569828e-01
6.979561486175867024e-02 2.542173211386280496e-01
6.892007965480406728e-02 7.933323525546873700e-01
2.970802299986090578e-01 9.488525306894023403e-01
7.260420960980298322e-01 4.115453789744555335e-01
9.046275356475445006e-01 5.577018935868159888e-01
5.541430284411176244e-01 8.842040526978772741e-01
5.242904484200692217e-01 7.986195673847091836e-01
8.677030334479427509e-01 7.144156748659624689e-02
8.665459547862430778e-02 8.036572708618290317e-01
5.563502939514619605e-01 2.001062883742760201e-01
8.263463006936954125e-01 2.739268966600263422e-01
1.673510619753589834e-01 2.492944580084074380e-01
5.118854576617072327e-01 9.441989741425760307e-02
1.761339411591178461e-02 1.127720327582055759e-01
6.180099355511333714e-01 1.375912678639242825e-01
3.913469309538627483e-01 2.961026564856505949e-02
7.904607800162215536e-01 7.018465801276635441e-01
4.207638600614105329e-02 1.464568536357394590e-01
5.480919896401659219e-01 8.995634318404299723e-02
2.607136884220282447e-01 5.161848188414708272e-01
5.660822504327055471e-01 2.671881682515864220e-02
2.289389696654675621e-02 2.418435353203604032e-01
5.947475564460389386e-01 6.576662767031072887e-01
9.286440186957282128e-01 2.619902870316479504e-01
5.511012721252254165e-01 1.643110308666646535e-01
2.451805873431046612e-01 9.632858148268351739e-01
7.220310752304128776e-01 3.866351855032351681e-01
6.887525152358255909e-01 1.899186519014721686e-01
9.813139583780244868e-01 3.178888722568363745e-01
3.440518608816576229e-01 4.301197598399866262e-01
8.599823843316291017e-01 8.102244179974162908e-01
7.493920536173339642e-01 8.242404894848521790e-01
3.675220795910798532e-01 9.387420919650784068e-01
5.677265382211409417e-01 8.138654884891762809e-01
9.216016116592865570e-01 6.876151914680017629e-02
5.802941791258375837e-02 6.298025854647013588e-01
3.526314486722306185e-01 4.113276716444720371e-01
3.422498154439734819e-02 9.078658885471646567e-02
4.101715493404261004e-01 8.247268100094359289e-01
7.678101521777589422e-01 5.465266722483924644e-01
5.050430412849080675e-01 1.024524118881177115e-01
4.137028230037124166e-01 2.623411981654304448e-01
6.253518533837035820e-01 1.226430001260735425e-01
7.915486304251795335e-01 5.408052596154736547e-01
1.907610036110204410e-01 1.021936774712485230e-01
3.263847605187161216e-01 5.766099608631490847e-01
9.296519639324921647e-01 7.635591845366465069e-01
7.448084929772774698e-01 8.779714462592788093e-01
8.860495326051215370e-01 7.057792824556304856e-01
1.134545414110077477e-02 4.885471411071129477e-01
4.304335983527665110e-01 8.281994465907877023e-01
4.060126982669566287e-01 8.992709311963444918e-01
4.325796708730771378e-01 4.366070696252540850e-01
3.252655280088350143e-01 4.527996952256818641e-01
8.270686493071549572e-01 9.409770852584281586e-01
5.437054535880060380e-01 3.100254587865007849e-01
1.726875013178784668e-01 1.626687377364474107e-01
6.598590658330549807e-02 6.778034364016679580e-01
2.529258306573231030e-01 7.414051281581699460e-01
3.286499597939214201e-01 8.121218991132137521e-01
4.145521721835309092e-01 3.914675993091131234e-01
7.827403893365447729e-03 5.832811265059921757e-01
9.991948782600063028e-01 6.593854733971840076e-01
5.548003254441050691e-01 2.562360819616436025e-01
9.824977766836966442e-01 3.775420681678653967e-02
8.253070869372561846e-01 3.922430213594017001e-01
6.094322956318287687e-01 8.102817961518515855e-02
3.776192373371128896e-01 8.218400122090676607e-01
9.040977800638105855e-01 6.367769925548256715e-01
7.135925594706414854e-01 7.100341537369750933e-01
9.450176517782168384e-01 8.376236404052530560e-01
1.109298380014149821e-01 9.350243387988238508e-01
9.261764971515330513e-01 8.289011331946445349e-01
1.733271697984806181e-02 3.524263462156582705e-01
6.518490383729983462e-01 5.827234393415546831e-01
7.200866070125118146e-01 6.647030054093141516e-01
5.592515489337476220e-01 6.362509364129812495e-01
5.627427457727918192e-02 4.755709823834491923e-01
9.165859453645517352e-01 1.944780183100159876e-01
7.589349291732567782e-01 1.996637384748645161e-02
3.671381200239731690e-02 8.932699511172259577e-03
5.267066468858691008e-01 5.463317960989978461e-01
7.477729223576147222e-01 2.376878151426401464e-01
7.274515902152598468e-01 8.844698056088887705e-01
5.696330523296179171e-01 9.331156988622341109e-01
1.616607268639933537e-01 1.496613899811563009e-01
2.339164836396045999e-01 3.245682800013975911e-01
4.145060052858234867e-01 8.803541118410335153e-01
9.173326765746964151e-01 6.732960725941135038e-01
9.922718311110325651e-01 2.773315995212117802e-01
7.796484591954538912e-01 7.786028588290693220e-01
6.506425410972388468e-01 8.480675772662221723e-01
2.485899061429340806e-01 9.321118579877004651e-01
5.173064079077926980e-01 7.145280462516787612e-01
5.356323541927870968e-01 3.955090019983362737e-01
8.290880537009848172e-01 7.721544644474853669e-02
9.076492230562113184e-01 8.474010056034115834e-01
9.540662414507518063e-01 9.476719692289718999e-01
1.937393443084519662e-01 2.284955756493251000e-01
1.929999411156462230e-01 8.515643906365953919e-01
4.047030440523872175e-01 1.426514631603389427e-01
5.941151908708820484e-01 8.309311194194606287e-01
4.695310431258510331e-01 4.820271641893500991e-01
5.688406495662372553e-01 5.979005204715064359e-01
7.180061578521745869e-01 9.361479972114099546e-01
8.800718572517773897e-01 9.220533379395212670e-02
3.988080211976053890e-01 7.651683013598138405e-01
8.600148356804494520e-01 5.149674176057923436e-01
2.912199660213569130e-01 8.621327345586098367e-01
3.344174043261127771e-02 7.888945324946229354e-01
3.718339063168267788e-01 7.380007357399238632e-01
9.579586500568259000e-01 5.404731625872127854e-02
9.725510474930505467e-01 8.166190405942336250e-01
9.628107833509831348e-01 6.837840856611133722e-01
1.289823571528413426e-01 4.128496617992583051e-01
6.521748806042290125e-01 2.710206739752453187e-01
3.953213914417406105e-01 3.659242850830233262e-01
4.790507783524350360e-01 7.721563146039289727e-02
1.199569268061658756e-01 3.676627945255112051e-01
4.948430910354970624e-01 4.815296603413401488e-01
5.738381586770852083e-01 6.984149430649021495e-01
3.032556393741301370e-01 1.578308840204402097e-01
4.507126257932840829e-01 9.063909884756538027e-02
9.492450687235957085e-01 9.214373309145209578e-01
2.199296099808289995e-02 8.093152266254720617e-01
2.807635931308529731e-01 1.844498258598581408e-02
9.389454418884596310e-01 5.001598470113184369e-01
6.318158598192687991e-01 8.234100430352901956e-01
9.483638491945318716e-01 6.905724975520953768e-01
7.214734341294050113e-01 6.577471661858437235e-01
4.580732221700012374e-01 4.525460474057385607e-01
3.537043453876359544e-01 6.729234048515391198e-01
1.202810011828422398e-01 9.826022815426860291e-02
1.631590950196294409e-01 5.685263728461054100e-01
7.596552807138876595e-01 7.178809280936080395e-01
6.150860181013865224e-01 2.969355841487182346e-01
9.522207579594242910e-01 2.369035856140913054e-01
1.984443042099934829e-01 4.610933791155347183e-01
9.769068756054902769e-01 9.097248578220804571e-01
3.232473413710176269e-01 4.891834945473085838e-01
4.577921383310459280e-01 4.040501721750953124e-01
3.033038759363101411e-01 7.505371871432530151e-01
6.298841292512469270e-02 7.888253960400066767e-01
4.096430694663198979e-01 5.024056690725422492e-01
7.406406253254904648e-01 1.884296512933079093e-01
6.700937116722232023e-01 6.213900035996200444e-04
6.964030126940362608e-01 8.145593863263194123e-01
8.709989990204146659e-01 2.823976052083735366e-01
1.142390655034128955e-01 2.584337518554139512e-01
3.984152095545534511e-01 6.897411300916734822e-01
1.541978055160805328e-01 7.837270884793134940e-03
4.447470274311516869e-01 8.938455104166987963e-01
4.181858322892539892e-01 6.796628221050335927e-01
6.951910814697137564e-02 8.025975655169751422e-01
9.816465432179458661e-01 2.679385858866886183e-01
